0.000000000000000000e+00,0.000000000000000000e+00,-2.000000000000000000e+01
0.000000000000000000e+00,0.000000000000000000e+00,2.000000000000000000e+01
-2.023366439748627954e+00,0.000000000000000000e+00,1.989738646783790799e+01
-4.025970401773165008e+00,0.000000000000000000e+00,1.959059882504989147e+01
-5.987262459467132203e+00,0.000000000000000000e+00,1.908278512800098170e+01
-7.887117102266344659e+00,0.000000000000000000e+00,1.837915623240461827e+01
-9.706039250621586234e+00,0.000000000000000000e+00,1.748693232289166133e+01
-1.142536430189581154e+01,0.000000000000000000e+00,1.641526882414554933e+01
-1.302744965444439629e+01,0.000000000000000000e+00,1.517516245385585449e+01
-1.449585574458235726e+01,0.000000000000000000e+00,1.377933838151378154e+01
-1.581551473875393299e+01,0.000000000000000000e+00,1.224211965095330612e+01
-1.697288514989497799e+01,0.000000000000000000e+00,1.057928020653931611e+01
-1.795609079141479469e+01,0.000000000000000000e+00,8.807883031152783815e+00
-1.875504264294160350e+01,0.000000000000000000e+00,6.946105056896513474e+00
-1.936154237732407069e+01,1.421085471520200372e-14,5.013050645174530473e+00
-1.976936648656217699e+01,1.421085471520200372e-14,3.028555550091660109e+00
-1.997433014342107072e+01,1.421085471520200372e-14,1.012983376774378996e+00
-1.997433014342107072e+01,1.421085471520200372e-14,-1.012983376774123201e+00
-1.976936648656227646e+01,1.421085471520200372e-14,-3.028555550091375892e+00
-1.936154237732415595e+01,1.421085471520200372e-14,-5.013050645174253361e+00
-1.875504264294168877e+01,0.000000000000000000e+00,-6.946105056896286101e+00
-1.795609079141487996e+01,0.000000000000000000e+00,-8.807883031152584863e+00
-1.697288514989506325e+01,0.000000000000000000e+00,-1.057928020653916690e+01
-1.581551473875401825e+01,0.000000000000000000e+00,-1.224211965095318533e+01
-1.449585574458245674e+01,0.000000000000000000e+00,-1.377933838151368207e+01
-1.302744965444450997e+01,0.000000000000000000e+00,-1.517516245385574791e+01
-1.142536430189591101e+01,0.000000000000000000e+00,-1.641526882414547117e+01
-9.706039250621671499e+00,0.000000000000000000e+00,-1.748693232289160449e+01
-7.887117102266415714e+00,0.000000000000000000e+00,-1.837915623240458274e+01
-5.987262459467203257e+00,0.000000000000000000e+00,-1.908278512800096394e+01
-4.025970401773236063e+00,0.000000000000000000e+00,-1.959059882504988082e+01
-2.023366439748656376e+00,0.000000000000000000e+00,-1.989738646783790443e+01
-1.369577485628710178e+01,-1.927598578515457461e+00,-1.445084277557644725e+01
-2.408744302536788950e+00,1.835783104014922174e+00,1.976936648656222317e+01
-1.748844600863984056e+01,-1.964922688848474763e+00,9.503623193640656552e+00
-5.210390619609484020e-02,2.450645382514508697e+00,-1.986132466921272055e+01
-1.956210644701215529e+01,-1.415442747183050187e+00,-3.959586692470999481e+00
-3.016889166585471571e+00,-1.753786420944422275e+00,-1.969321235721206165e+01
-8.773953938679454723e+00,-1.753786420945914415e+00,1.788692163206504659e+01
-1.220815065464856275e+01,1.761903601412413423e+00,-1.574350157285202556e+01
-1.009081235194813075e+00,-1.753786420958775238e+00,1.989738646783637677e+01
-1.745677814860280819e+01,1.620582469185649188e+00,-9.624909230986929742e+00
-1.981738471965763893e+01,1.786493527060287079e+00,2.020683482879626069e+00
-1.511670578629961881e+01,1.753786420944564384e+00,1.297726625141697099e+01
-8.806735884422892013e+00,1.813447603119058726e+00,1.786490848972508871e+01
-5.641925535351433041e+00,2.059320113246613460e+00,-1.908223100401865224e+01
-1.726978259930243098e+01,-1.870914287106728580e+00,-9.927964886265343125e+00
-1.951513333160642105e+01,-1.753786420945743885e+00,4.010461848631898363e+00
-8.777363567812813017e+00,-1.756041734319779835e+00,-1.788502913350828294e+01
-1.951521736267721963e+01,1.753044690355508806e+00,-4.010377450331112925e+00
-1.372625860689355193e+01,-1.753786420945459668e+00,1.444001585339806581e+01
-1.836137591667011293e+01,1.843029316576405563e+00,7.717118712406204395e+00
-1.875986120238607668e+00,2.091295861036073234e+00,-1.980565708407364411e+01
-8.773953938685096432e+00,1.753786420946582325e+00,-1.788692163206222574e+01
-1.221872755585602022e+01,1.880324901500472379e+00,1.572192002489382645e+01
-1.991292981468583889e+01,-1.876814999738016354e+00,4.071229386136110406e-02
-5.254416683629614226e+00,-1.925877172038852336e+00,1.920214388050177234e+01
-1.517880006708465146e+01,1.744410247254890578e+00,-1.290604924259234565e+01
-5.426538517154895658e+00,1.778556188321971376e+00,1.917312450627442288e+01
-1.511670578630406681e+01,-1.753786420944194901e+00,-1.297726625141186219e+01
-1.827700638154857415e+01,-1.789230656099704220e+00,7.921711414835755249e+00
-1.898752210391346296e+01,-1.797972736768997493e+00,6.020422259232752538e+00
-1.849373986678665460e+01,-3.493580830977833784e+00,6.766019486134908334e+00
-1.904557485966590491e+01,-3.586235811136575080e+00,4.942823738437866155e+00
-1.942260840106607134e+01,-3.661076311603878253e+00,3.085984201446294151e+00
-1.980342290460586696e+01,-1.849137142256466859e+00,2.111583608941835166e+00
-1.982197213041662565e+01,-1.737792671163191471e+00,-2.017348803777927913e+00
-1.945715785788021890e+01,-3.363945422784610173e+00,-3.212521229950262125e+00
-1.910913941159675744e+01,-3.154893794611965063e+00,-5.023056200253954273e+00
-1.950427611668189343e+01,1.769899380562961255e+00,4.056682841424503749e+00
-1.741441829798617391e+01,1.747020480820793864e+00,9.679153664604989160e+00
-1.763586461926510651e+01,3.460732729162728560e+00,8.778172401140395209e+00
-1.947985588896008835e+01,3.379147600145628871e+00,3.026920887960869777e+00
-1.964136570895263390e+01,3.652810440829441063e+00,9.886978025991766117e-01
-1.838740315357546251e+01,3.924075969734019509e+00,6.864813370526768210e+00
-1.668135845092773195e+01,3.523605167964205975e+00,1.045587389493034181e+01
-1.900711251503145149e+01,1.768756980010635971e+00,-5.966730948757209774e+00
-1.906264469733025635e+01,3.518063484567647947e+00,-4.923483818548582747e+00
-1.846635605179230311e+01,3.498697920322371147e+00,-6.837917603076860473e+00
-1.836820325392625364e+01,5.311621096091414529e+00,-5.869166582283149580e+00
-1.912157227510159885e+01,5.418844045574289225e+00,2.409455933475101119e+00
-1.684643187753219706e+01,5.335425836045160963e+00,9.369563147344805998e+00
-1.751840498182924932e+01,5.457762263691151361e+00,-7.967369370938293116e+00
-1.571791685304050645e+01,5.203141959844188591e+00,1.122165221412740976e+01
-1.571428542448433063e+01,7.017917072143148971e+00,1.020096096072987990e+01
-1.460452802136479988e+01,6.784199722861913529e+00,1.186688390780459201e+01
-1.661356814545665372e+01,7.242442796452877474e+00,8.506927318727321108e+00
-1.886981776824977430e+01,5.379114237560187917e+00,-3.886587655153491028e+00
-1.806363906598156177e+01,7.112437019314597819e+00,-4.834940457350100473e+00
-1.844830207337480488e+01,7.226496662915749880e+00,-2.829655392960042093e+00
-1.754380625194717425e+01,8.865269829594581097e+00,-3.789290671695248136e+00
-1.454411329474149284e+01,8.509730732625534699e+00,1.078725726107116856e+01
-1.333341236539610009e+01,8.279859128786540623e+00,1.240894353498531899e+01
-1.711055191805243680e+01,8.717491347894068099e+00,-5.623129885813483497e+00
-1.823481842344770598e+01,8.069514461357002233e+00,-1.666685641811561425e+00
-1.734844437179965837e+01,9.652481026203162173e+00,-2.547485068113985562e+00
-1.320129694735341275e+01,9.962209926166828211e+00,1.126965871121234386e+01
-1.192235016696261596e+01,9.685420755398929771e+00,1.283044563365901780e+01
-1.744907487955383374e+01,9.759596178049569914e+00,-7.404483581971561534e-01
-1.649964889605853102e+01,1.122568223818246480e+01,-1.526516215594902803e+00
-1.242237075694109194e+01,1.130453823404572944e+01,1.089398282516229699e+01
-1.113414706228371642e+01,1.105120175666888116e+01,1.244139851873424618e+01
-1.357050362706587521e+01,1.147122475109806317e+01,9.219217275328659866e+00
-1.206047056078415380e+01,1.279541483735678042e+01,9.555529728738441975e+00
-1.314268220320010983e+01,1.289968910429409021e+01,7.832476726755473351e+00
-1.056670568628280193e+01,9.277185386931606104e+00,1.424610018425179447e+01
-8.960441871433303618e+00,1.130862859096495043e+01,1.388242617492483078e+01
-3.894641623189670554e+00,3.760373753359260718e+00,1.925996833658427221e+01
-8.974534715259579798e+00,9.492370498882536367e+00,1.516058505385429100e+01
-7.929659707042290506e+00,1.057515019203355422e+01,1.502643424971934394e+01
-7.366573019019227786e+00,1.243329753952197336e+01,1.385046969036585551e+01
-6.001819865426782030e+00,1.153452322431813570e+01,1.519681842460266807e+01
-1.598208066431566010e+01,1.172062910961052751e+01,-2.784514750851442955e+00
-1.497690054881672950e+01,1.316330014032639184e+01,-1.709343304931941532e+00
-1.167001528363354623e+01,1.440688905699150268e+01,7.545969334539897488e+00
-1.471529721958565062e+01,1.302228722730045263e+01,-3.747542715131302771e+00
-1.363468967562232592e+01,1.439585597202000855e+01,-2.662068172623200724e+00
-1.329922749422995309e+01,1.418608768716883617e+01,-4.680040991187865984e+00
-1.214843430156106763e+01,1.549193391075809245e+01,-3.552005682111555984e+00
-1.174843028551661916e+01,1.520006530496013397e+01,-5.572422442834245260e+00
-1.283121171303862695e+01,1.381059038558779406e+01,-6.686012174384664775e+00
-1.121396635256908780e+01,1.475691625370416915e+01,-7.536756498264267634e+00
-1.221421556821503884e+01,1.329500508873246645e+01,-8.628436806924781877e+00
-1.063126292576859555e+01,1.420175918541625038e+01,-9.268575463248978963e+00
-1.148402385036578721e+01,1.268267852467666046e+01,-1.039439071727512953e+01
-9.468267748696931108e+00,1.384408678707875850e+01,-1.091940256986899271e+01
-1.028861980471026527e+01,1.270976562850744074e+01,-1.154454136753325599e+01
-8.491224630913549731e+00,1.344856348741924990e+01,-1.214297662753601514e+01
-9.322292231490138192e+00,1.187217704606069191e+01,-1.314046599948935068e+01
-7.482533092586237444e+00,1.255294948803796018e+01,-1.366608130361630913e+01
-1.242462941491807271e+01,1.561532578609212862e+01,-1.518972450831654442e+00
-1.087398622282339034e+01,1.662575905594716374e+01,-2.444955112908857586e+00
-6.594745784137984401e+00,1.393705902145197939e+01,-1.274359118764384391e+01
-5.505763399494668420e+00,1.323057054564210233e+01,1.396640948444873231e+01
-4.066685413313251729e+00,1.239291796211989549e+01,1.517225848291353429e+01
-5.548411279228247395e+00,1.309946720712553514e+01,-1.406331666316960138e+01
-9.625202527067855840e+00,1.552692624699143664e+01,-8.179983661026980712e+00
-6.410159490545851213e+00,1.151668991343873927e+01,-1.505246681362149275e+01
-4.446125691245583766e+00,1.197236506761660024e+01,-1.539576949578960807e+01
-5.285129037838160571e+00,1.035043868242311049e+01,-1.628787954807216920e+01
-3.290451574092912779e+00,1.074331064795595836e+01,-1.655247802090913467e+01
-1.107270065452851782e+01,1.107725391108019153e+01,-1.247074992095269863e+01
-1.189556134467524373e+01,1.609522816652404487e+01,-2.511893233800606140e-01
-9.794809027235032772e+00,1.745666407783902230e+01,-3.738287136971720770e-01
-4.530450086088364969e+00,1.406315612319638575e+01,1.349862304905681043e+01
-2.366775533799597042e+00,1.373944999029958325e+01,1.435337389348126180e+01
-3.449038881523293298e+00,1.363303717139643823e+01,-1.422410773488135760e+01
-2.299615331365487236e+00,1.456017331001714155e+01,1.355200153783835049e+01
-3.691782329498678905e+00,1.559760035477532369e+01,1.197494607032155045e+01
-2.028148248944077636e+00,1.643180468540894168e+01,1.124558809369758450e+01
-3.678411656022049669e+00,1.680310258506094101e+01,1.021791468739574071e+01
-1.688994021086912767e+00,1.749428755336786878e+01,9.576822494433763211e+00
-3.572684048830282677e+00,1.776956839594906512e+01,8.469701879784842902e+00
-1.814698332205935571e+00,1.843388253759814432e+01,7.607456149565237524e+00
-3.298201071646076343e-01,1.786907799424454879e+01,9.000491786015025752e+00
-5.724831644691619204e-02,1.848228820728976984e+01,7.667791196619020866e+00
1.933274778258351034e+00,1.797912606398553947e+01,8.549640710038829639e+00
1.814302890649557298e+00,1.881094911946484416e+01,6.557874460822574747e+00
3.768106857336775306e+00,1.822414747014367720e+01,7.350765578543764889e+00
4.121039872687660477e+00,1.860591275373709408e+01,6.129713705250644296e+00
-1.897509850227235972e+01,-4.912570800008481342e+00,-4.014915334168698280e+00
-1.840578074932678021e+01,-5.278007415480161058e+00,5.777835685657329634e+00
-1.445063717537055936e+01,-3.743629320704243924e+00,-1.333288517836108156e+01
2.620114011583069669e+00,1.934443940603289036e+01,4.424430392255352729e+00
3.974864572781996230e+00,1.917946042164254550e+01,4.079448658245560466e+00
2.491124302599018847e+00,1.972273584909901700e+01,2.292798421969230560e+00
3.804816315555939354e+00,1.954918130154015188e+01,1.994758662815925732e+00
2.906000605082695643e+00,1.978169816054217733e+01,9.938068279597018773e-01
4.584370554174398649e+00,1.947173771562268030e+01,-2.442798564064432298e-01
2.679736815620955781e+00,1.979105028117924547e+01,-1.133573442379805840e+00
4.340560398568840128e+00,1.938077505805222245e+01,-2.363768325564421957e+00
2.391990669285803506e+00,1.957131315349781175e+01,-3.396695049260792132e+00
4.196405685893864757e+00,1.907530456519347695e+01,-4.328138709428920095e+00
5.982264554958518943e+00,1.876786773392068142e+01,-3.531939359208962514e+00
5.025576736961625102e+00,1.807811268645055236e+01,6.973622010674162652e+00
6.158345824282662306e+00,1.842191509112615222e+01,-4.801100065499014136e+00
5.137127320379164530e+00,1.717579149925374793e+01,8.881723173951471040e+00
4.542969936234740658e+00,1.847951944779216404e+01,-6.157202848580283217e+00
6.415108463036915509e+00,1.771612462057558446e+01,-6.747590185632923010e+00
1.117474465925951677e+00,1.977941121536069602e+01,-2.860750861236596165e+00
-2.384089871488441759e-01,1.417259272013367166e+01,1.412593404575984835e+01
-8.142315566565230256e-01,1.267907726707084493e+01,1.544669980988478386e+01
1.276968266600178481e+00,1.308069987407540680e+01,1.509610856056464456e+01
7.163511089389089648e-01,1.145470483770129277e+01,1.640322347608841369e+01
2.444147565618735030e+00,1.260416708799790086e+01,1.534638564807529804e+01
2.874626982905382988e+00,1.073357201816233442e+01,1.663640944314248316e+01
3.967370731235263293e+00,1.124749378048905157e+01,1.607856273992298668e+01
4.076734731841085591e+00,1.006593386108679056e+01,1.681440125108145622e+01
4.794277149952918649e+00,1.766239581502485834e+01,-8.099438790890829409e+00
5.739430046029298182e+00,1.695863452897461343e+01,-8.929076505169803113e+00
7.853479704969274167e+00,1.655765176519785342e+01,-8.043376086055928909e+00
7.595741713299624109e+00,1.597137720013985529e+01,-9.344974896217934202e+00
5.850087662049730852e+00,1.585687646630480430e+01,-1.069414447685520031e+01
7.542791421780783878e+00,1.470347919274582438e+01,-1.126882052717405713e+01
9.219847398886031442e+00,1.470603986027612819e+01,-9.945277821056706102e+00
9.047102696368625629e+00,1.342719799921362522e+01,-1.175197838625916802e+01
1.071138490167724200e+01,1.331357654102661314e+01,-1.041279090768944116e+01
6.065621914673499759e+00,1.026523668308594495e+01,1.605947999153119810e+01
6.863790609716687641e+00,1.714579758254475905e+01,7.679149890571117965e+00
1.060046091961530834e+01,1.199421750947890075e+01,-1.201848694622908909e+01
1.185033391352969545e+01,1.135878116843704078e+01,-1.146247157351700707e+01
1.119063318030175225e+01,1.089622960394328999e+01,-1.252662025847583038e+01
1.314601811671107612e+01,9.771646694816283230e+00,-1.149739889421452688e+01
1.242207902665906261e+01,9.188826622808946354e+00,-1.272372702624551266e+01
1.404758310286045031e+01,8.732261139755991053e+00,-1.126462638537466887e+01
1.345609104097675868e+01,7.162347030308133355e+00,-1.295285373506749238e+01
1.499120827210145990e+01,6.689612825927795825e+00,-1.142591762017643475e+01
1.457410059514240430e+01,5.196530537978546249e+00,-1.267692283917735097e+01
1.591325433507651610e+01,4.886511732516297002e+00,-1.110100950585137980e+01
1.544663151282150437e+01,3.294179471729222541e+00,-1.229561241860004372e+01
1.627520889268387805e+01,2.458875612719822357e+00,-1.138978985032977675e+01
1.552165992043363474e+01,1.839590897525823721e+00,-1.251290297250628214e+01
1.674837574355703396e+01,4.047530052980846449e+00,-1.018931273546496641e+01
1.736897439156404488e+01,2.135406022712828644e+00,-9.695455708432476172e+00
1.777815252182406880e+01,3.686696645989954391e+00,-8.409508187111981670e+00
1.827850572398907047e+01,1.806639163270403969e+00,-7.922071642269074232e+00
1.864837769282874547e+01,3.212748433111755730e+00,-6.483925910233963918e+00
1.904430219926786094e+01,1.024418798958450338e+00,-6.029810722724484151e+00
1.926563591827940058e+01,2.854766244102492578e+00,-4.585115444204255652e+00
1.960685256537568222e+01,7.743855135804125212e-01,-3.895042623835358597e+00
1.929845227538132235e+01,-1.133183169997209916e+00,-5.189217843082545301e+00
1.955223070901564597e+01,-1.493591890056038096e+00,-3.996493128782013571e+00
1.922721269713535008e+01,-2.271385608212895590e+00,-5.092546818134501052e+00
1.944653566580161907e+01,-3.486699461826887614e+00,-3.119237730684872645e+00
1.984698397000258296e+01,-1.706822308435476998e+00,-1.873676472423994710e+00
1.963674083178013063e+01,-3.694984704500896555e+00,-9.920550406235193464e-01
1.979917806230906052e+01,-2.903366408969674239e+00,1.396810399789458756e-01
1.939597390520993514e+01,-4.835555937169715435e+00,1.079761622363868412e+00
1.961998896562929673e+01,-3.125801105605134467e+00,2.309641975672690251e+00
1.931616111886602027e+01,-4.696463553777093125e+00,2.343529950802022199e+00
1.918769661013394057e+01,-3.418235276698737835e+00,4.558051636247981264e+00
1.890923356208475070e+01,-4.927684536429140394e+00,4.371874127774894703e+00
1.962773017662968300e+01,-9.920964740314701658e-01,3.785100737905587209e+00
1.850889920236394914e+01,-4.035694069948121410e+00,6.469901848199604899e+00
1.815723254708640155e+01,-5.383708881341959795e+00,6.469226354406060864e+00
1.802273594729034301e+01,-4.406243463628726431e+00,7.496634235285362990e+00
1.706622365173676314e+01,-6.172597414975385277e+00,8.408769490362530519e+00
1.708776671302066319e+01,-4.267468779519589361e+00,9.500710163599151770e+00
1.599983904580240335e+01,-6.037142786908589187e+00,1.041846784626861222e+01
1.758871909909304065e+01,-2.579722936303525671e+00,9.169995321728251270e+00
1.578676892494196693e+01,-5.067623204832301553e+00,1.119116931217357802e+01
1.459218303049775756e+01,-6.766434650014488739e+00,1.190825175160603067e+01
1.449531016575787135e+01,-4.841259534366045614e+00,1.290957639506505217e+01
1.370382863458036127e+01,-6.935816498941747454e+00,1.282515699490542715e+01
1.284113434820248045e+01,-5.502454537075720964e+00,1.432443558676077799e+01
1.219116100578130357e+01,-6.598596105155365876e+00,1.443358894184899555e+01
1.119033085559256335e+01,-5.112022287749908855e+00,1.578596160191583664e+01
1.412365155938618955e+01,2.092470284103228551e+00,-1.402450651111658431e+01
1.476318623278935149e+01,1.966365084353185466e-01,-1.350314164325982347e+01
1.332780169987797336e+01,1.163014467576839195e+01,-9.334607288659157120e+00
1.329824167899428033e+01,4.443264455725426387e-01,-1.493571440823502883e+01
1.385822626414117309e+01,-1.453855632878159554e+00,-1.434945926167173980e+01
1.034938522353086654e+01,-7.142139602732456183e+00,1.555503191034583921e+01
1.417138007374474284e+01,-3.877497016893912019e+00,1.359778596146972518e+01
1.229766129075920844e+01,-1.188518957759939099e+00,-1.572810391427393029e+01
1.280861294865339062e+01,-3.100147169077956733e+00,-1.504812167689108549e+01
9.372362944752666181e+00,1.053273573219215109e+01,-1.419800875116696659e+01
5.496352792537081200e+00,8.526897639877311974e+00,1.724680342040188208e+01
7.475386525819551764e+00,8.695601755594552174e+00,1.639111586679629085e+01
1.117583985421362058e+01,-2.848832667469025637e+00,-1.634647452284325198e+01
1.161578099042949219e+01,-4.763321465161126866e+00,-1.558182263050338179e+01
1.327148730440035251e+01,-4.982481004016179327e+00,-1.413289150421219631e+01
1.915645337473804943e+01,-5.350018589787623569e+00,-2.203197027865662960e+00
1.865783028084721451e+01,-6.532284093332137331e+00,3.081254681725020816e+00
1.071909122857675101e+01,-8.180476958022083522e+00,1.480010551888088344e+01
8.717306189879266753e+00,-8.637800577666283175e+00,1.581207429919104612e+01
9.656272981100499919e+00,-1.011041237497953205e+01,1.430393403086146975e+01
7.975465591975478219e+00,-9.739027640082625226e+00,1.556250172938098331e+01
7.986598924738444794e+00,-1.149426022992000185e+01,1.429589499818373355e+01
6.762077990333253297e+00,-1.161439541411252208e+01,1.483189513868218512e+01
1.616212303155997176e+01,-8.222346030770935954e+00,8.468154201007180859e+00
1.903422158976788126e+01,4.394393806208000797e+00,-4.369296897967693383e+00
9.979130319515910230e+00,-4.454693573605609913e+00,-1.676568014027033371e+01
1.008225043042676816e+01,-6.304370509731825223e+00,-1.609944216201613187e+01
1.066222868552242176e+01,-9.152082200433682146e-01,-1.690339526855768781e+01
7.525678017566470146e+00,7.457278578638899091e+00,1.698270107331279632e+01
9.435042397010676041e+00,7.537651034984961029e+00,1.596112952120920880e+01
8.348609046266972200e+00,-5.440906015249467487e+00,-1.734088314579737755e+01
8.293292511033328651e+00,-7.371976776378588170e+00,-1.664582362595054121e+01
9.478967538116080505e+00,9.248485447726892517e+00,1.500015533660266698e+01
1.053509274908442706e+01,8.114963451652201343e+00,1.494748568726416948e+01
1.092834768437363380e+01,9.652697772597036874e+00,1.369368895362784144e+01
1.219286469967487818e+01,7.905405854758555506e+00,1.374729095215924701e+01
1.251204748115074494e+01,9.435329454467314747e+00,1.244241228222333007e+01
1.349137283523875652e+01,8.531305920596608416e+00,1.206840731049135940e+01
1.343358246224390484e+01,9.713549253506982950e+00,1.119886185093559305e+01
1.487982559435505436e+01,8.115721886929890161e+00,1.061908384160823715e+01
1.476057764523496729e+01,9.669402497579270062e+00,9.417791015617609673e+00
6.670259724939043622e+00,-6.605840350709200948e+00,-1.766390387816200302e+01
6.587038060947307372e+00,-8.509288819583517238e+00,-1.687294323264340790e+01
8.381425145590618797e+00,-9.123221137183165297e+00,-1.570646251194723675e+01
7.323093650209671068e+00,-1.038670446075448695e+01,-1.545928775551998058e+01
8.825458039348873740e+00,-1.099773750129864425e+01,-1.420628637640604097e+01
7.041576587753624494e+00,-1.207271791261526062e+01,-1.431254633371494833e+01
8.519376591521826469e+00,-1.271332361060268568e+01,-1.290412316617847921e+01
6.794605207860399787e+00,-1.366592123585958518e+01,-1.293606466139701183e+01
6.750928588462954849e+00,-1.321545390738411641e+01,1.342089770041134500e+01
4.991853260551181393e+00,-1.272423135871879651e+01,1.460296033533759896e+01
5.063542108310187473e+00,-1.460120330418759238e+01,1.270783621567660049e+01
3.185303045381047582e+00,-1.387501747363481286e+01,1.406284982899268954e+01
4.004391681874494680e+00,-1.504305853945623994e+01,1.258503771656295811e+01
8.118349760446989194e+00,-1.418415910928936796e+01,-1.156639379297705261e+01
6.880518504010709080e+00,-1.452414050903058751e+01,-1.193157119674687294e+01
4.846202679233115873e+00,-1.431406187497134397e+01,-1.310833082655321391e+01
5.202516204168119884e+00,-1.590305924652085423e+01,-1.099747574580865717e+01
6.618950965559804445e+00,-1.586017960126527271e+01,-1.024821078767570270e+01
4.663024705915418622e+00,-1.706512027034436585e+01,-9.360381040726906576e+00
1.746737137668048945e+00,-1.505004778206627236e+01,1.305669682601264014e+01
1.615367821301731510e+00,-1.643293294338612043e+01,1.132169610410666394e+01
3.209686081390444201e+00,-1.651348496079846484e+01,-1.082672102969638672e+01
2.644924709428778442e+00,-1.761424551477213640e+01,-9.101585206807328632e+00
-1.945522734070550541e-01,-1.569615884920787607e+01,1.241582883540844051e+01
1.152180008069862538e+00,-1.697147785385276109e+01,-1.051980677921122265e+01
6.008776512412197235e-01,-1.798905807279155056e+01,-8.726191926862966852e+00
3.815771852183587498e+00,-1.632794465674808748e+01,1.090587388709865024e+01
-7.486744192758436611e-01,-1.729157813782452990e+01,-1.002955094168187600e+01
-1.481537283644911440e+00,-1.816020215987896336e+01,-8.287509074888006921e+00
-2.466545186896695441e+00,-1.773721150158685589e+01,-8.922334573371529132e+00
-3.295691097461812546e+00,-1.846327294777026395e+01,-6.988181154916681237e+00
5.843277849821973291e+00,-1.718425415071337170e+01,-8.408053752106596335e+00
-4.609643266586402888e+00,-1.751998775075975345e+01,-8.481397108546048003e+00
-4.901929344052376791e+00,-1.836866312775103438e+01,-6.220325144725975974e+00
-3.790416609404900328e+00,-1.669352243719525575e+01,-1.037609945724676663e+01
-6.550797810184576520e+00,-1.658235686184424651e+01,-9.109941593521412528e+00
-1.500466747393474520e+00,-1.895049909306351310e+01,-6.215385737529501853e+00
-5.680851153141375676e+00,-1.571728129215874503e+01,-1.098642360999431844e+01
7.033169084076007493e-01,-1.689409388132581569e+01,1.069493032212081829e+01
-1.689297948083790857e+00,-1.673607963356269579e+01,1.084948664877863678e+01
-1.547221766530938680e+00,-1.545335648303961307e+01,1.261161779348187650e+01
-3.454638023470522512e+00,-1.589900089926213411e+01,1.163511622531363088e+01
-3.422374027007194286e+00,-1.454843448642934334e+01,1.329232965671015165e+01
-5.241725011281843649e+00,-1.496762276418967019e+01,1.219082501136747965e+01
-5.212846129096263326e+00,-1.355167027513199685e+01,1.376412231421642929e+01
-6.887611439739004027e+00,-1.386809049927748561e+01,1.268310057932262680e+01
-6.951853123785483035e+00,-1.520504784519012276e+01,1.100379750392207967e+01
-1.119411496098450698e+00,-1.740614933678914156e+01,9.805880523429905793e+00
-7.854911222026274231e+00,-1.534253126458131078e+01,-1.017113854143399010e+01
-6.909147833605246092e+00,-1.432804254771116348e+01,-1.215043791500860948e+01
5.758861644592641937e+00,-9.693794655697018925e+00,-1.653510610272499548e+01
-8.221124131335187712e+00,-1.439395741530836403e+01,1.120106643383923739e+01
-8.341955244689657434e+00,-1.574935171316087690e+01,9.101180185869083061e+00
8.626625631673164207e+00,-1.294617138586919225e+01,1.258450594951295898e+01
-8.676229437865416116e+00,-1.443233856403669790e+01,-1.080117015139194336e+01
-9.509010882556623301e+00,-1.521324472595853194e+01,-8.859601700052081696e+00
9.623292601278556901e+00,-1.280052699114924053e+01,-1.200454502834826087e+01
-9.443699288764960897e+00,-1.492784072862365008e+01,9.421354584130639864e+00
-9.657556201906388083e+00,-1.585850460052816402e+01,7.479433552766948878e+00
-1.065247869467742703e+01,-1.366786464438932569e+01,-1.000262553113473984e+01
-1.065020092802195961e+01,-1.476240739150716763e+01,-8.313250008437137240e+00
-8.482960002966763113e+00,-1.329164132939141041e+01,1.231389959099035991e+01
-3.440895629230595887e+00,-1.310328449506829429e+01,1.472287396771451284e+01
-5.699952825364405840e+00,-1.436917941467990545e+01,-1.271711094678541087e+01
-6.549918052321359596e+00,-1.353340247027466603e+01,-1.320104990351434537e+01
-1.132595654638177507e+01,-1.446490451962962709e+01,7.916394046783182148e+00
-1.108835083799036170e+01,-1.551542908690166200e+01,6.077041230624701029e+00
-8.934649312884999972e+00,-1.662766577549345470e+01,6.662876225862405022e+00
-9.876637781272833649e+00,-1.685722057691046416e+01,4.368924777325680964e+00
-1.229936457294272145e+01,-1.508930546461436961e+01,4.682597869016881020e+00
-8.575989736498641491e+00,-1.743179902200343179e+01,4.803570159995274480e+00
1.592410455652245105e+01,8.004560032884256771e+00,9.084431807853029284e+00
1.581901028365054884e+01,9.500160474637802110e+00,7.724825549244592082e+00
1.000662889759262697e+01,-5.231164517156273064e+00,1.651506240777164436e+01
3.996545367473473220e+00,-1.128858022506352654e+01,1.604881406328158988e+01
-1.216877939455909541e+01,-1.337329344937829489e+01,-8.549901587857533514e+00
-1.202087532581464302e+01,-1.452470459683755166e+01,-6.734732794553785595e+00
1.689063906053321062e+01,7.821438545448721413e+00,7.334007430488910018e+00
1.671561511791851729e+01,9.273173801662416338e+00,5.901782232749006596e+00
1.556416979650316534e+01,1.090473634466044217e+01,6.245224649452964627e+00
1.637196940955760027e+01,1.061849064060267267e+01,4.411854173324414319e+00
1.512980475567650984e+01,1.219758067206258545e+01,4.743946181084126579e+00
1.585429516416948559e+01,1.185809245926464683e+01,2.883834263775924001e+00
1.453142993013621265e+01,1.337117423178858644e+01,3.208435200385373776e+00
-4.695279350432727483e+00,-1.319658773000652729e+01,-1.428055659780868325e+01
-6.489149850476110259e+00,-1.194790409676033960e+01,-1.467915342100971543e+01
1.517011194890379500e+01,1.297813337588229388e+01,1.321789971048907830e+00
1.770362292750066047e+01,7.551244847555615536e+00,5.466243859894760249e+00
1.069435651231630402e+01,-4.067877449626834618e+00,1.642393941630529497e+01
8.802730212981913382e+00,-3.594119327689526244e+00,1.760361580869678022e+01
-1.030063579087028813e+01,-1.299151786773335004e+01,-1.120334820203130732e+01
5.822280354836436800e+00,1.458644131271655198e+01,-1.239118617026974789e+01
-3.500482747384111804e+00,1.857817221714817890e+01,6.565191894779147219e+00
-9.420919813079166261e+00,-1.748617957250004906e+01,2.463600447272817462e+00
-8.114232652514061783e+00,-1.806235207973323043e+01,2.903123763961559689e+00
-4.278957145391331096e+00,-1.223679875651497184e+01,-1.524884497198618760e+01
1.457299713987994494e+01,6.726702540734166291e+00,1.194099995129118952e+01
-5.388136368174045288e+00,-1.054410710426326148e+01,-1.612221117363330336e+01
-4.103702340547570770e+00,-1.057894553258195458e+01,-1.649436949725969725e+01
-7.551614034557374566e+00,-1.009058039176829880e+01,-1.554981414122899253e+01
1.376899802128740191e+01,1.442156933797845397e+01,1.645739331028600816e+00
1.432773135093337658e+01,1.396353511885767773e+01,-2.484434069381720178e-01
1.565104490268930704e+01,1.245286231785637199e+01,-5.728430713460213042e-01
-7.185729985967739708e+00,-9.076991870319403688e+00,-1.632384800130787994e+01
-1.385094352156893649e+01,-1.227211750676394786e+01,-7.635798660688060124e+00
-1.355611026090151938e+01,-1.350384798890519278e+01,-5.840434452448832303e+00
-1.092213716444960880e+01,-1.555214403269661716e+01,-6.248344334967754321e+00
5.787275628586314724e+00,6.333476358569257059e+00,1.807632829780428807e+01
1.067560448961774711e+01,5.801911704928798486e+00,1.589635926467233418e+01
1.940490338245174229e+01,3.639233204413230283e+00,-3.271483205056227916e+00
1.779517749012155292e+01,6.070399888917293652e+00,6.839553985010752513e+00
4.136989623906657698e+00,1.561401676547566808e+01,-1.180733699917854551e+01
6.761872409534490203e+00,-4.753865118176051396e+00,-1.821382584086474310e+01
5.043523937435026028e+00,-5.876396856513068201e+00,-1.844773834204839602e+01
-1.049701313327069840e+01,1.701679902736932348e+01,8.765598623155028690e-01
-8.247741428413590370e+00,1.822199069046231301e+01,7.523143530002229795e-01
-8.122651489218142729e+00,1.823623168969879060e+01,-1.306244943014938542e+00
6.840647137809369838e+00,1.623526300839813530e+01,9.469354281805863138e+00
1.851874506558724676e+01,5.743308072969043110e+00,4.946317996259267602e+00
6.983997601203292049e+00,5.752035819483168666e+00,1.785601588243033433e+01
1.337435889165966785e+01,1.126392793033132023e+01,9.710126475993419604e+00
5.063771948571499593e+00,4.456967523240138007e+00,1.883723218239764208e+01
-1.309987581654422684e+01,1.167952127535767204e+01,-9.624884553863111591e+00
-2.334756230307206692e+00,-1.179368037452276496e+01,-1.598362132770763822e+01
4.133533853095570976e+00,1.427649377353707649e+01,-1.341098938294220488e+01
-6.528603885333197354e+00,1.891014930181856357e+01,-1.764233420203709102e-01
-6.366604486133866203e+00,1.882656236030076968e+01,-2.244001191207665613e+00
3.559521821973675060e+00,6.153694751276191255e+00,1.869696191008945974e+01
-1.296082505759267178e+01,-3.105795946316249001e+00,-1.492940965627252581e+01
-1.300615944687034187e+01,-5.401893601078924689e+00,-1.421312756297487567e+01
-1.543680465819969072e+01,1.273737929934544866e+01,-6.154863907187007044e-01
-1.007078477591342391e+01,1.016060249398491067e+01,-1.400162246441409764e+01
7.585859055382606186e+00,-8.796812614820481713e+00,1.629582747944257903e+01
2.991037548347094344e+00,1.833019877989762847e+01,-7.441537968221737742e+00
7.653195038583135101e+00,1.766254654938004620e+01,5.504559472426727496e+00
6.754880548718915634e-01,-1.793260571066862497e+01,8.829921287441024447e+00
-1.253642964963816553e+00,-1.833882306481604019e+01,7.915851149530666930e+00
7.371181248670382047e-01,-1.860310797239978342e+01,7.352455810754591425e+00
-9.508535958120063469e-01,-1.911073188704914116e+01,5.845648084013845391e+00
1.428943131495330476e+00,-1.923089785895172099e+01,5.342301732901574951e+00
-1.822635854799870003e-01,-1.966025499881948235e+01,3.692548636597514644e+00
1.119511894340732283e+00,-1.973248780173753403e+01,3.130219616889604595e+00
3.238291609044082975e+00,-1.934311447614129520e+01,3.959545978566801239e+00
3.252292975317445212e+00,-1.956612049287883792e+01,2.668124902017034117e+00
5.315459203602344473e+00,-1.898096432778370968e+01,3.459140874346260830e+00
5.009198310720577751e+00,-1.932771397118870027e+01,1.230803749131425207e+00
6.403571717044897582e+00,-1.875322065319063825e+01,2.789643993803466060e+00
7.037699223943405968e+00,-1.871077386373306695e+01,7.208239537764740135e-01
8.079400522267626172e+00,-1.827049134308589373e+01,1.332689139767630593e+00
8.642683150232819855e+00,-1.803528784763561532e+01,-7.434836026215165816e-01
9.978207914610557339e+00,-1.731582366455050703e+01,7.957739992416819064e-01
1.048174539068389066e+01,-1.699343658058694473e+01,-1.321139031265239794e+00
1.179455575494704078e+01,-1.616590953965227584e+01,2.523496586970566113e-01
1.173154519798703888e+01,-1.614770819544534675e+01,1.527783551097513737e+00
1.145717814168627058e+01,-1.627952008134424489e+01,-1.992504328601555130e+00
1.314799412389307065e+01,-1.503228028380780756e+01,-1.156590358628527326e+00
1.276654672286503001e+01,-1.505162516172772769e+01,-3.332768757064606291e+00
1.400766838078550336e+01,-1.420588939779746340e+01,-1.662187287531182278e+00
1.429678855472914734e+01,-1.347040676160810335e+01,-3.765121904716018264e+00
5.647334284491691392e+00,-1.918563257019721391e+01,-6.218946787452281910e-01
1.781235224357779856e+01,2.128365972607895173e-01,-9.095287540170915008e+00
-4.504600751735338804e+00,1.047729468161334410e+01,1.645219993587168972e+01
1.310039660989061616e+01,5.170773674351565319e+00,-1.421480015473331093e+01
-1.184103118767993124e+01,-1.306141401426273774e+01,9.488205021332433375e+00
1.832103261174550113e+01,7.216311544423305691e+00,3.556847697471269498e+00
-1.289485974399559609e+01,-1.329851992300527286e+01,7.584398661505737493e+00
-1.269722001860878891e+01,-1.213914842836750552e+01,9.572178620909397750e+00
-1.755377333945359908e+01,-5.035598124915779294e+00,8.164594384917819525e+00
-1.427354502519104074e+01,-1.153180728694515267e+01,7.976733452412560155e+00
1.425380106332777075e+01,-1.403204390340971486e+01,5.150965401177671765e-01
8.310007610457027738e+00,-1.786566519956842569e+01,3.449552408491854294e+00
-5.529613944090272071e+00,-1.246534381221114529e+01,1.464334914125426934e+01
-4.013567473816522124e+00,-1.149438925689813118e+01,1.586873735656300966e+01
-6.026637612863112281e+00,-1.073719922513262759e+01,1.578381969175343613e+01
-3.543701700053901504e+00,-9.666081381109776771e+00,1.717052575710651041e+01
1.563035792627352549e+01,7.789985619674155259e+00,-9.760321565481135053e+00
1.134648518284091523e+01,1.110708777047249640e+01,1.219804021801950711e+01
1.103287407674816478e+01,1.406236902018104473e+01,-9.009581115767446136e+00
6.322053956546412223e+00,1.898634046125106067e+01,6.029554284390812313e-01
7.705191148737149831e+00,-1.613954210559204228e+01,-8.977635283452400472e+00
1.367499525215600897e+01,-8.804603555815447180e+00,1.166880262410544589e+01
8.195240447685243623e+00,1.783117901497963942e+01,-3.933930068526329649e+00
-1.451303060414612389e+01,-5.134887659560718021e+00,-1.277376082812219238e+01
-1.885646376712486472e-01,-1.996423152653555633e+01,1.417505073745815025e+00
1.521037031161036168e+01,-1.579622028035771564e+00,-1.291166409532608839e+01
-2.119448853024636037e+00,-9.964156986628324830e+00,-1.723041755741832048e+01
7.377273110137423373e-01,1.017065666367405186e+01,1.720796182739076130e+01
-4.119008318624111098e+00,9.066186175422870974e+00,-1.735961806817265085e+01
-2.114084142014192480e+00,9.405384427093110844e+00,-1.753651250904384540e+01
-6.090762677666518243e+00,8.743865359143626392e+00,-1.694655611782290805e+01
1.688898745683601987e+00,-1.588657566823280831e+01,-1.204182005370576292e+01
1.886529474174993481e+01,5.972759775689425510e+00,-2.967179822822458846e+00
1.540249572507156017e+01,-1.273594116191451064e+01,-8.140933422275509201e-01
1.557707661016741696e+01,-1.248725250540596221e+01,1.349883683372944176e+00
-1.850426517099748480e+01,-4.798063188848161076e+00,-5.919554169112934972e+00
-1.114071679688487393e+01,8.973437825872359497e+00,-1.400297735618563877e+01
1.040467117364754301e+01,-1.928623058607286112e+00,1.698146064906180897e+01
8.305468143874684017e+00,-1.461841940496427128e+00,1.814869817636645166e+01
7.526450348184027916e+00,-3.918774973390583227e+00,1.812934601330598383e+01
6.416469433658591015e+00,-1.346752345329619516e+00,1.891767709741177228e+01
-1.826618843075628718e+01,-6.529586745970220818e+00,-4.913367302788856250e+00
-1.866467169625988731e+01,-6.591984795738170533e+00,-2.910390839512565719e+00
-8.872411634525107615e+00,-1.793407718574231069e+01,5.243227844957445427e-01
-7.553848861573484896e+00,-1.851296478499453713e+01,9.808479053523129210e-01
-1.048146773558137568e+01,-1.701894765411425681e+01,8.697525379287043279e-01
1.373476532118157678e+01,1.363727905264587292e+01,5.055192110200820821e+00
1.473418221462807765e+01,1.336761707736814486e+01,-2.141421646710412574e+00
5.678111411316137946e-01,1.994445899400670186e+01,1.426097137566081585e+00
5.574704990990724696e+00,-3.497273663227247198e+00,1.889185522675610684e+01
-1.768085689877725031e+01,-6.409860975265019079e+00,-6.845900028131907789e+00
-5.277709225293648387e+00,1.786593444733960467e+01,7.289965221144974805e+00
1.597340901116513834e+01,1.179817634929370485e+01,-2.458557754981683274e+00
-5.480939274993062327e+00,-8.848276482825667699e+00,1.708441695965496621e+01
-7.577300886992162532e+00,-9.301976723196162311e+00,1.601581925761325209e+01
-1.001811719320122052e+01,7.989710462095793275e+00,-1.537618937739343039e+01
-1.336007146738739948e+01,-1.128584772257671887e+01,-9.749908092044947239e+00
1.969853798962319047e+00,-1.846199603445720072e+01,-7.465046894107558728e+00
-1.201374527571553585e+01,1.589955497313447808e+01,1.782519558148557337e+00
4.932284322244214536e+00,-3.797967436196614699e+00,-1.901810264161321129e+01
3.526010074058106625e+00,-5.839652456901021083e+00,-1.882162116226096771e+01
-1.427254448531630260e+01,-1.072014029980978478e+01,9.053620994410614742e+00
-1.312622561189650128e+01,-1.045312286701731352e+01,1.088872955542042575e+01
-1.394103419902543806e+01,-9.275172105216711316e+00,1.096585751408553477e+01
-1.253428893770521313e+01,-9.035154119176809218e+00,1.273510912936546191e+01
-3.036059155319335900e+00,-8.848467475246138747e+00,-1.767804580288633076e+01
-3.958435290471527424e+00,-7.752740027870729023e+00,1.801418114534578052e+01
-2.312704450991518002e+00,-9.335937604720896843e+00,1.754669735833924449e+01
1.850980749849298945e+01,4.210812211279019834e+00,6.335817195206445263e+00
-7.360814618731140513e+00,8.780303182025640751e+00,1.639947311055562551e+01
-7.909847778659653272e+00,-1.838159945958140895e+01,-5.099510829932398792e-01
1.707878982073452789e+00,1.571170397562381282e+01,-1.229380443060280470e+01
-1.056979888894760222e+01,1.673574638659123792e+01,2.908633146303628791e+00
8.636572738387073400e+00,1.595760485119556193e+01,8.418809511589280703e+00
1.286156880263689573e+01,1.532612505123420021e+01,6.469376831972795117e-02
-1.783716496267419416e+01,-8.210826193751117330e+00,-3.848164667586296162e+00
-1.815430535069161522e+01,-8.187722079758287919e+00,-1.920069100902665582e+00
1.909405572252206440e+01,4.589132327485486940e+00,3.870312918729879925e+00
-4.915825973414797545e+00,7.368755475589189530e+00,-1.795713081228133490e+01
-6.111266259470411910e+00,6.263269358689058208e+00,-1.800551164084942002e+01
1.271846558106663849e+01,-1.476357003804827173e+01,-4.585178774966934157e+00
1.377605669173787817e+01,-1.329843890343619250e+01,-5.816178014398047935e+00
1.526233384798913306e+01,-1.193933463103331860e+01,-5.000238360987985686e+00
1.514615686646990156e+01,-1.151511775190625997e+01,-6.189458447982133293e+00
-1.160060162347463120e+00,1.114797510724223883e+01,-1.656593725924058447e+01
1.720157292455866127e-01,9.554037737198932234e+00,-1.757904058415834925e+01
-6.337840359648794220e-02,8.193313622778333638e+00,-1.825668855252955325e+01
1.919052547478770521e+00,8.087506674588716749e+00,-1.821229107982368589e+01
2.365238229006550341e+00,1.007978058803701771e+01,-1.711275460341650501e+01
4.000176893924205501e+00,8.682195626666590726e+00,-1.758527308105642817e+01
2.685241472931409135e+00,7.064115781981527675e+00,-1.852002475185628327e+01
4.931570816643457533e+00,6.624307625740073036e+00,-1.823625920898655295e+01
4.261746324592849078e+00,5.557650053553388148e+00,-1.874184045339137583e+01
5.534738620331069114e+00,5.453930758445295623e+00,-1.844886950089460242e+01
5.768286475621948739e+00,4.060476551826099012e+00,-1.871534720507806071e+01
6.585480263372303966e+00,-2.616559467491427426e+00,-1.871051656136759789e+01
4.824370542875385581e+00,-1.772737254214050040e+00,-1.934754723440481428e+01
8.340187819971212946e+00,-1.808983704162936590e+01,-1.920875779864275046e+00
3.600502663119584668e+00,4.049822313083524250e+00,1.925623668142343803e+01
4.356214474585314633e+00,-1.619155105405624795e+00,1.945483208710584933e+01
3.523613758090846204e+00,-7.770952595328893153e+00,-1.810825008120956170e+01
4.332155407151290660e+00,1.042045165477334479e+01,-1.651920239982143812e+01
4.739517176227920459e+00,1.659483238122060555e+01,1.012845416459974501e+01
6.182130517057132124e+00,1.542922056692003707e+01,1.113384022273449148e+01
-5.416526453140534159e+00,1.592919940639058041e+01,1.081843269691746201e+01
-7.220321991255445937e+00,-1.756345000629704600e+01,6.295307400732980341e+00
1.647831833725978612e+01,-1.004001569686326434e+01,-5.302552288003774095e+00
1.582018283070829767e+01,-9.732131394887986175e+00,-7.422856558529048243e+00
-5.965820110018455580e+00,-1.908232378558319908e+01,-8.815354166576767625e-01
-1.354264874731833856e+01,-6.980122917937336524e+00,-1.295831261273993107e+01
-9.043180448123692372e+00,7.639359240505193327e+00,1.612807426697960977e+01
-1.750362418352045779e+01,-6.936421097872354835e+00,6.753563240145922464e+00
-1.827810445770913361e+01,-6.543470856924187729e+00,4.856167150829584500e+00
-3.472536752494477241e-01,-1.109892899540840006e+01,-1.664948611009158697e+01
-1.721279146827680506e+01,-9.820019705249094955e+00,-2.767954344966760516e+00
-1.746128560551393605e+01,-9.720185686959268878e+00,-1.032158118121685675e+00
-1.635545110188566298e+01,-1.138338532746200826e+01,-1.862956846690579482e+00
-1.669205896830375480e+01,-1.102088572774647446e+01,4.868934258881694177e-01
1.223430591962763003e+01,1.570703034733276127e+01,1.968756199670139040e+00
-1.226468432138763376e+01,-4.990366184458977727e+00,-1.501849485702477693e+01
-4.875109848174034255e+00,1.937074482208832649e+01,-1.067291402376433496e+00
-4.264057111685644941e+00,1.929340885521394000e+01,-3.119559439235381149e+00
-1.383111868238694342e+01,-7.623596197692648957e+00,1.229182989493924083e+01
-1.253203939366973430e+01,-7.171002574812135322e+00,1.386024958242376925e+01
1.647992566206212928e+00,5.094935862647531621e+00,1.928466300683081869e+01
-1.544405267427541162e+01,-1.271827360839913013e+01,-5.824637330499555787e-01
-4.936292336264969549e+00,1.937542868109893135e+01,8.706128889624054068e-01
1.889775940031825030e+00,-1.367977725196057293e+01,1.448432425870257134e+01
2.000134670374572465e+01,-6.211365703402407235e-01,8.891968718686626971e-02
1.771333070383163744e+01,4.512605693048342914e+00,8.135793649433750829e+00
1.027578655485760351e+01,-9.174807962412316442e+00,-1.451010342919393281e+01
5.712626389853326714e+00,1.311492894203573201e+01,-1.400488271251762740e+01
-1.459164869549809396e+01,1.150751208021776506e+01,7.447106931323148160e+00
-1.413233302290366566e+01,1.283245171232463377e+01,6.015074709870660286e+00
-1.537936068568065195e+01,1.142748296107860284e+01,5.767932108920483358e+00
1.470156372193136463e+01,-1.095659190842853548e+01,-8.008827482385186158e+00
1.514859796446187090e+01,-9.224944673453450150e+00,-9.266269914245540917e+00
1.642384132799837460e+01,-7.853208204485397914e+00,-8.326600341721764664e+00
1.613496400981219381e+01,-7.108893111274099397e+00,-9.455184443653280368e+00
4.459590674253064435e+00,-1.871965779600799351e+01,5.453567507390999936e+00
1.675278909254436144e+01,1.090585203955033222e+01,-8.617563768776790312e-01
1.836170051022077132e+01,6.256534634014144558e+00,-4.886286281284327515e+00
-7.524953878735573198e+00,-8.155044387356213065e+00,1.665698095253447519e+01
-1.171896214709693140e+01,7.160126973150433116e+00,-1.455271309563345028e+01
-1.282700621218631909e+01,8.037562223052240995e+00,-1.308629426276046104e+01
1.498485251979637667e+01,1.263702618364169439e+01,-4.023248694483804400e+00
1.373121773376418986e+01,1.409112575950190660e+01,-3.653518581578744318e+00
1.833868655305063555e+01,2.610122130763429027e+00,7.575653919103736200e+00
1.740521821735772079e+01,2.974188785195011064e+00,9.411313847748097317e+00
7.177188868598946669e+00,3.949114255833052312e+00,-1.824762577581716982e+01
8.355109540213739194e+00,5.561832039299730468e+00,-1.732233362376560137e+01
-6.070376547889509311e+00,1.856972787808985004e+01,-4.286753562966609366e+00
-4.162356442692015435e+00,1.885404352823480423e+01,-5.241638637276217594e+00
9.283626293959535758e+00,-1.618650485888650792e-01,1.771419140412769622e+01
1.094818814469571322e+01,9.774161208513021393e-02,1.674212207116253381e+01
1.484372667160809556e+01,-8.356090371614442347e+00,-1.050095367548331637e+01
-1.739694321752553208e+01,-8.439790708028340305e+00,5.131904772607612131e+00
1.630763739179910488e+01,-1.157443467010797633e+01,8.759388270454024905e-01
1.611330265766790149e+01,-1.168438697259981041e+01,2.121580979755435692e+00
1.491142697983737975e+01,-1.287782071066379785e+01,3.455818282345020975e+00
-1.331657103448053192e+01,6.513254569194671717e+00,1.343312167087427866e+01
1.313797468235563315e+01,-1.354036744525399172e+01,-6.706366696853237386e+00
1.126356501406013422e+01,1.653084365394192901e+01,4.076039727087703568e-01
1.614913879540276298e+01,1.100041457505566456e+01,-4.318570864298457934e+00
-2.706198763080294611e+00,-7.365801532695954279e+00,1.841221605821606744e+01
-7.152328521610229473e-01,-8.126391492544954076e+00,1.826245711441103481e+01
-3.005570262841814611e-01,-9.992145403336792242e+00,1.732713107609602332e+01
-5.919887923357592285e+00,-1.892559567256347464e+01,2.633969834023638157e+00
-5.620263387580109793e+00,3.597247882161255461e+00,1.885500984536211533e+01
-4.308924812572584528e+00,5.130378052262116739e+00,1.885250448814520041e+01
-1.496286898836638102e+01,-6.688687478458660962e+00,-1.146545758483021871e+01
-5.886599475843297569e+00,1.806595847491821871e+01,-6.287177510483715537e+00
-3.612393759387430237e+00,1.863143482259188488e+01,-6.363693038754774989e+00
-4.695843469484159982e+00,1.758107252474236759e+01,-8.326865392103542263e+00
-3.368993371468121723e+00,1.782363332372112552e+01,-8.449414977828439532e+00
-1.540341313077487939e+01,-1.269942956731324557e+01,1.427760072422977089e+00
1.924306906454265231e+01,5.164918876102348122e+00,-1.940869264878749334e+00
3.601409612279141470e+00,-3.600905206570757855e+00,1.934804565331955573e+01
4.105517081109596234e+00,-5.009489013127449653e+00,1.892593542722049094e+01
1.726667708085093267e+01,-5.645059533931231499e+00,-8.405530419389933172e+00
1.600420841419040840e+01,-1.121614710899332579e+01,4.277436022935241056e+00
1.471255281157471728e+01,-1.236345902600626800e+01,5.580959518812278475e+00
1.910111037584869109e+00,-7.033195599661382857e+00,-1.863901422321391976e+01
1.751248366711749327e+00,-4.917200493932384120e+00,-1.931949449531148844e+01
-5.776358480675014562e-02,-6.031761047881445847e+00,-1.907300202045229298e+01
6.107597955236528264e+00,1.142348986044611081e+01,1.526843023425615797e+01
9.138083298947819344e+00,3.410632964360431174e+00,-1.747758050126009266e+01
-1.058106970698615612e+01,6.295679926845934915e+00,-1.577325739364968626e+01
-1.470768576423002116e+01,-1.112496750139112578e+01,-7.747150415144702151e+00
-3.622833510737976326e+00,-1.469345175159278938e+01,-1.309037419744835518e+01
1.181992536537080696e+00,-8.930890071810821951e+00,1.785997430451421053e+01
7.240112243345606657e-01,1.469154676129316783e+01,1.357544592894533508e+01
-2.518085541895729307e+00,-1.816555726294474482e+01,8.016089916799344905e+00
-1.047753378401532132e+01,1.406745679585276321e+01,9.628970201369938309e+00
-1.003516865204743169e+01,1.510366418099665964e+01,8.445182647057592362e+00
-1.543035402332577632e-01,-6.574802076809646678e+00,1.890625101641808925e+01
-1.891892922577446257e+01,-6.425851375077940020e+00,-1.078469971132655303e+00
1.659365538327193690e+00,1.434213805053602186e+01,-1.385138061885704985e+01
2.248438150445082329e+00,4.970285530242634309e+00,-1.924654588005880385e+01
1.174922600891909497e+01,-1.500095139040060133e+01,-6.121027132745915367e+00
-8.395545247809280909e+00,-9.118588595053466861e+00,-1.570840254312399509e+01
-8.221037099635296386e+00,-7.234327531954292567e+00,-1.674048024118454236e+01
-7.241861085038152623e+00,-1.848516395424792336e+01,-2.465571523538855558e+00
-9.158766089801076760e+00,-1.767730757189981716e+01,-2.063970331443421458e+00
6.354162466267496256e+00,-5.621598188107412852e-01,-1.897000075923415352e+01
4.699715550783167828e+00,-3.485460629153749323e-01,-1.945604473603003726e+01
-4.408428715750545734e+00,1.663971179646694765e+01,-1.021222680065396560e+01
-2.130409297177479289e+00,1.708486031614514644e+01,-1.019920902453614531e+01
-1.141438490935885852e+01,-9.359889004169218651e+00,1.351515717323740517e+01
7.685241573065930254e+00,-1.706344593329062320e+01,-7.066174420035913784e+00
-1.133188272862325618e+01,-7.632340231150493537e+00,1.462358338084764142e+01
5.288901491515986208e+00,3.206035944079985711e-01,1.930309857575240073e+01
3.151946437172369997e+00,4.065431962104071317e-02,1.976272888055946098e+01
-1.167937527887801252e-01,1.511731132707126335e+01,-1.311960805596264379e+01
1.068539612968489649e+01,1.677447433630668172e+01,2.187067565425174109e+00
-5.157507013265572482e+00,1.857407149585877448e+01,5.372329351187907776e+00
-2.683330837877406339e+00,1.909886102588995271e+01,5.358654104996979584e+00
-6.913655541537238491e+00,1.776732396533487446e+01,6.063224103003584275e+00
-8.522968437363076077e+00,-1.763965619507615656e+01,-4.072079649491840314e+00
-1.732170435416463761e+00,1.914272081553870919e+01,-5.583184722749422235e+00
1.387376985550690733e+01,1.325631084050883857e+01,-5.702700484072558140e+00
1.216972079438983911e+01,1.501525112111966820e+01,-5.165301971128634761e+00
-1.331264931408306040e+01,6.112961675167696285e+00,-1.362241598463491243e+01
-1.431155323086854025e+01,6.986813225184548060e+00,-1.210744179027274470e+01
-1.512147120473565565e+01,1.221096157394543269e+01,4.779097262039925909e+00
-1.641335109879304355e+01,1.072472946923029014e+01,4.036120858741675477e+00
9.910556650061366213e+00,1.944726727797572607e+00,1.727580167085345408e+01
1.167351655454593384e+01,1.637086074728856033e+00,1.615951629588142424e+01
1.850865528038819008e+01,7.436304142818841001e+00,-1.625832602833014562e+00
1.748381283131833897e+01,-7.117431284919348400e+00,-6.624805204359162758e+00
-4.372749719175800465e+00,-5.886343752797060347e+00,1.862220575543176437e+01
-2.378586245477919192e+00,5.088164806462316392e+00,1.919913298582171990e+01
-3.209734214234401861e+00,7.002224992722744901e+00,1.845925333279502922e+01
1.512367143516827639e+01,-6.510111539698684169e+00,-1.135579362336233089e+01
-1.428798384550954381e+01,-1.396195394439953930e+01,9.827102872589605909e-01
-1.388507790342136161e+01,-1.432709009949631707e+01,-1.543190878161531998e+00
-1.213903073202946814e+01,1.541525661164880034e+01,3.908329655734362973e+00
1.404598986345519052e+00,3.868290676606918055e+00,1.958183685620766568e+01
-2.097699513566425367e+00,-1.930209720176446808e+01,4.825329936752837057e+00
-3.446184013697248361e+00,1.971293985037273444e+01,-5.953049448866210014e-02
-1.391292466167054442e+01,-8.528843908517345085e+00,-1.157186242306948998e+01
-1.242896630469559227e+01,-8.740263637950150155e+00,-1.302005798807272186e+01
1.831055266966870931e+00,-8.693225496838934419e+00,-1.792576321952373064e+01
-1.273054248557286883e+00,1.756352392534328999e+01,-9.514374719234353961e+00
9.494692562883010112e+00,5.399277565318811867e+00,-1.676150342600219290e+01
8.643102610624303850e+00,7.500282895465467448e+00,-1.641496543985169865e+01
1.095911820932073510e+01,4.033003703096326831e+00,-1.624150156289860547e+01
-1.233461219948446796e+01,-5.339046756156363926e+00,1.483087407996877971e+01
-1.103609118000423450e+01,-5.797280289077036741e+00,1.565243914036243922e+01
-1.805157313327639201e+01,-8.054234429182571375e+00,3.183921595388419234e+00
-5.252334526042716334e+00,-1.910893032064288377e+01,-2.730778488449992381e+00
-3.987830865011659398e+00,-1.957554253162204816e+01,-1.169641981094414973e+00
-1.515680381611332450e+01,-7.426176572863624870e+00,1.076316363324157521e+01
-1.488858650558074714e+01,-6.007114410699969653e+00,1.195908086124082104e+01
1.520279537272658388e+01,-1.123925914867363929e+01,6.534529666658897895e+00
1.407337417762897758e+01,-1.235680191576030040e+01,7.028984355017989571e+00
1.310631972319093563e+01,-1.393325234941589486e+01,5.855588795129733626e+00
1.233941476703667206e+01,-1.366678061792323717e+01,7.819567521613890904e+00
1.145650238032759205e+01,-1.478851988997125488e+01,7.099499543625420017e+00
1.057718619320829845e+01,-1.471112998964569840e+01,8.489711583407860473e+00
1.144704577733803319e+01,-1.322642749225335024e+01,9.709213927761830121e+00
9.484673468667686791e+00,-1.605244491554583419e+01,7.281186018937752635e+00
8.759934785479742914e+00,-1.549078685691767987e+01,9.146185474212181532e+00
7.721486188265565431e+00,-1.662557457816322426e+01,8.020102905554892914e+00
1.657633417099950179e+01,-9.837838444530561333e+00,5.337799734887269665e+00
1.790578442525079339e+01,1.212926858345241499e+00,8.858470672764902076e+00
1.694531304949192929e+01,1.390028783723181505e+00,1.055039927213150008e+01
-1.684632621777073780e+01,-9.722326889679166584e+00,-4.713175428528288080e+00
8.666571166333987719e+00,2.417587437545051898e+00,-1.788082883317402150e+01
-1.582824408046576536e+01,-4.787813431510599571e+00,-1.126925144699254133e+01
-1.563998786246683892e+01,1.151835945981630971e+01,-4.802135198946245964e+00
2.553601319373797196e+00,1.787249017942540519e+01,-8.643177249441308163e+00
2.433567910870564788e+00,-1.826268854166028177e+01,7.800451129400642003e+00
1.862464907351274945e+01,-2.144226532332552893e+00,-6.967541166410676112e+00
-5.470474122137289896e-01,-1.283706975422848018e+01,-1.534376660786588786e+01
7.388036105218844796e-01,-1.268703464589466989e+01,-1.545351599836021705e+01
-1.354613188023644454e+01,-1.313168049641659252e+01,6.664534067983744592e+00
2.185631721716717379e+00,-1.588871395260241570e+00,-1.983752979041248921e+01
1.703345874669410875e+01,1.020402258169197296e+01,2.470469212974563789e+00
1.638900025390760362e+01,-1.099255351263488478e+01,-3.274356607813352582e+00
1.155838144257203481e+01,1.622177200110719042e+01,-1.877048891509808470e+00
1.714753236915336032e+01,-9.342584542892652166e+00,-4.364371983847135539e+00
7.988563500821086905e+00,2.113446541031450465e+00,1.823225578206691466e+01
1.163119942548532748e+01,1.585644307770996164e+01,3.691665437375760916e+00
-6.214106155628968509e+00,-7.594244230354888714e+00,-1.743188972835810091e+01
-7.057603391655959513e+00,-5.614175736033914177e+00,-1.785979473660704286e+01
-5.947302784623516914e+00,-5.529146612493789803e+00,-1.829875519961262853e+01
-5.911333028122214728e+00,-1.665347366583471000e+01,9.402002978784715026e+00
1.753128592013347031e+01,5.182166619537170504e+00,-8.160320683110683149e+00
1.132196445871102242e+00,1.704135853447478866e+01,1.043718469389273906e+01
7.379595433357174272e+00,1.851762161625366332e+01,-1.755968260162376282e+00
5.827570439638904531e+00,-1.811078273491867208e+01,-6.202265434622511009e+00
1.126372355920163670e+01,-1.036380584202269972e+01,1.289658993177585700e+01
9.653986685677544699e+00,-1.406566176060066198e+01,-1.044268029753412463e+01
1.120520681350350145e+01,-1.269909506733121418e+01,-1.064629076949766784e+01
1.118412417256251956e+01,-1.130192548595877611e+01,-1.216305061146749722e+01
9.951879164570947012e+00,7.470791582636920225e+00,-1.567953634834134391e+01
-1.437986249998419908e+01,8.351294659527567887e+00,-1.115197296166545016e+01
-1.506034326315850080e+01,8.020722531869878935e+00,-1.047634059094870906e+01
-1.577314406748176623e+01,6.178955759766793676e+00,-1.064779381318359697e+01
-7.220206696348753894e+00,1.362541131459897059e+01,1.274290124145559844e+01
1.260111316366773337e+01,-1.468975612804683806e-01,1.553045670221373342e+01
1.322767358769618795e+01,1.945364923709107075e+00,1.489033949797448031e+01
1.969512692049531921e+01,3.257898045861622904e+00,-1.265934146743710187e+00
-1.760936558357713011e+00,-1.218987210156460321e+01,1.577677326124505441e+01
-9.570019531390414613e+00,-1.033752857256800439e+01,-1.420169022059734232e+01
1.871871543412983385e+01,1.423289616591262075e+00,6.954538957377430108e+00
-1.898768142326514408e+01,5.179685423471113381e+00,3.600674776041373093e+00
-1.843297423035886595e+01,7.217921785450272409e+00,2.959421043426623044e+00
-1.783012768202650022e+01,-4.843969183140927726e+00,-7.671560198570496425e+00
-7.672598519091664571e+00,1.769137663991222809e+01,-5.347072774247600080e+00
1.639679647385416672e+01,3.194364216094228937e+00,1.100479463464128571e+01
1.576074944663376698e+01,1.674157179778418936e+00,1.221688714459703107e+01
1.433518436583840128e+01,2.681805586602195035e-01,1.396448495703260306e+01
-1.644604763255270541e+01,9.665134895307630813e+00,6.030547195535966409e+00
-1.341467906105529551e+01,1.459427447367637143e+01,2.742790462738867063e+00
-1.191214416013337996e+00,6.748101366084668484e+00,1.879250075662192643e+01
-2.018404488491043480e+00,8.475990072384981033e+00,1.800440528981417998e+01
-3.092114348676702207e+00,-1.945630517328224585e+01,-3.502426956253245294e+00
-1.970564966317212452e+00,-1.985635766186929629e+01,-1.546679846040845518e+00
-3.717416428000618112e+00,-1.966715362772444564e+01,3.116354402136849444e-01
1.750532526216999685e+01,-9.402371301538039461e+00,-2.298968349788360399e+00
-1.503255493653828978e+01,-1.166549606774928804e+01,6.164005414916196912e+00
1.678667032500958811e+01,1.982049302604593777e-02,1.089529982573618128e+01
-6.443668394009819167e+00,5.575552613763704812e+00,1.809541532052733004e+01
-1.481544806082317223e+01,9.118929505039496064e+00,-9.903951276664201941e+00
-4.018961465462112415e+00,1.590914951527029331e+01,-1.144090207982048923e+01
1.457474711380950794e+01,-1.072275072832296416e+01,8.531722612885715762e+00
4.334608232245656723e+00,1.539859362712960689e+01,1.201183705260403656e+01
1.590683095495080579e+00,-1.059235014157918897e+01,1.690873219393358085e+01
1.724617124292267789e+01,-9.903634866775590240e+00,2.146274549019977940e+00
-4.703145922570953985e+00,5.776799707723000665e+00,-1.857713378135221660e+01
-2.682102801602724185e+00,6.251782548466337630e+00,-1.882449537364925618e+01
-6.573590272226937259e+00,1.837256651464787183e+01,4.429417936231629938e+00
1.077595044042888617e+01,-1.597357658031286576e+01,5.386442971921290734e+00
1.519456442816512265e+01,3.639332884326108797e+00,1.249703607596585897e+01
-1.652439476168029842e+01,-8.912565329770131939e+00,6.932644481779199452e+00
1.365887982106086440e+01,-7.850362545137372194e+00,-1.234783729276534814e+01
-1.221969106818876583e+01,-9.948818980556893621e+00,-1.234529863465063215e+01
-1.822114628668961700e+01,6.504347667874640138e+00,5.113582758463138589e+00
1.944268696254860629e+01,4.766547772443416875e+00,-1.306753064724404112e-01
1.976323079187825726e+01,3.029578418062286005e+00,7.620125142783535921e-01
-1.850944126009629542e+01,-7.020443327293349967e+00,2.902658777642820098e+00
1.286741206858690845e+01,3.147704744415491973e+00,1.500066869950791926e+01
-1.518186847599955058e+01,-8.055860414607593611e+00,-1.024758468495512886e+01
-1.048238097778599354e+01,1.633211944133023508e+01,4.846981991136615875e+00
-6.758047925383166898e+00,4.311439486310575830e+00,-1.834430263693010943e+01
6.810907122585518891e-01,1.955946571526893507e+01,-4.212562931151197176e+00
-6.286826003778742233e+00,1.655583636095818179e+01,-9.296996688095291006e+00
6.967378636441949880e+00,-1.614069421626253131e+01,9.552387188841727550e+00
5.684747951960218870e+00,-1.749691386047034314e+01,7.889381190359316065e+00
-1.231036986885101214e-01,1.384749610024522326e+01,-1.443542723549359152e+01
-1.185533251531566634e+00,-1.968898209674435407e+01,-3.358311484920044165e+00
-4.474348261794602877e-02,-1.993628079123794805e+01,-1.796306527681764464e+00
8.829795121998387231e-01,-1.967181061573548106e+01,-3.587136896524540930e+00
2.158928512716499881e+00,-1.985177093839538998e+01,-1.426369050171963693e+00
2.941026330245151144e+00,-1.950642427276891055e+01,-3.400621155489382375e+00
-6.806329666520340993e+00,-3.571313693036387349e+00,-1.848631598247445140e+01
2.800621689995423935e+00,1.173221856785670525e+01,-1.595629547928544412e+01
-7.118784164048619800e+00,1.705471226025385079e+01,7.656130805785799964e+00
-1.406022224453276692e+01,-1.395867603857048778e+01,2.822119980338889889e+00
-3.520854112286997406e-02,-3.927843330395745625e+00,-1.962256968335442764e+01
-1.710226386659144282e+00,-4.768130645478791507e+00,-1.936495139676365795e+01
9.255580412241791066e+00,1.771811457628317754e+01,7.231713467070761681e-01
9.247849781637427213e+00,1.749233504566673503e+01,3.032630319989493728e+00
-8.926816475503031256e+00,9.211351588283143599e+00,-1.536584467685902666e+01
7.567837264529416075e+00,-1.262968137917511058e+00,-1.848418818825447829e+01
2.502803733710265988e+00,7.020943138619458068e+00,1.857681214112854917e+01
-1.664127612289560432e+01,-1.029604947537393400e+01,4.192608680586751291e+00
-1.138157256274975282e+01,-3.324968300499378415e+00,-1.610948309960542701e+01
-1.917147873598480601e+01,5.400687442822672324e+00,-1.874105608604516249e+00
7.453240050397937466e+00,-1.783749619667568709e+01,-5.180121005308940596e+00
8.656204730777709244e+00,-1.731209340345330361e+01,-5.102058125127122423e+00
-1.610017038300129855e+01,8.196189432764256821e+00,-8.580953885344669629e+00
-1.228814649104793943e+01,-4.297368484143163414e+00,1.520876743879327364e+01
9.022348784881728534e-01,1.645365171167855323e+01,-1.134846746463486511e+01
-8.696574350345670723e+00,-4.218755009442347159e+00,-1.752307163915807564e+01
6.175365270875943224e+00,1.233432892152336535e+00,-1.900270902744252055e+01
6.154582719203773422e+00,1.416511871058209948e+01,1.271023904827060846e+01
7.887715854910624103e+00,1.432194671624019122e+01,1.154974245349750817e+01
5.666727172444737448e+00,-1.869082332501696442e+01,-4.422972399872506344e+00
-8.700345642522435696e+00,1.515427956693151401e+01,9.729995625347612531e+00
1.946359954988125196e+00,-1.143387421772163748e+01,-1.630501125479692348e+01
2.817307238220720933e+00,-1.191949638205791473e+01,-1.582871622473612661e+01
2.588169798984012004e+00,-1.345261984642446862e+01,-1.457792034439479778e+01
-7.935608835186911847e+00,5.767776753100150700e+00,-1.743964697705536082e+01
-1.273144896425522177e+01,-1.535030205670459225e+01,1.727626846136011807e+00
-1.714373257251907035e+01,9.717524355238197131e+00,3.447794218593436710e+00
6.941212121072275920e+00,-1.767375258898681523e+01,6.296867409034440755e+00
9.704358268633910711e+00,2.588489983814596940e+00,-1.731318345468491771e+01
-9.626219583811064240e-01,-9.221844094047042972e+00,-1.772648013667897260e+01
9.444696803605751256e+00,3.440722663407001392e+00,1.729341387185760226e+01
2.169410779907991582e+00,-4.910381412192279527e+00,1.928443344610816368e+01
-1.672204004084959195e+01,1.080545391049636805e+01,2.045143522031345640e+00
3.281201790159954612e+00,-7.104890195344381709e+00,1.841926816685992208e+01
4.660321969090375660e+00,-6.951434880023640517e+00,1.817393208642764790e+01
4.172093512268645554e+00,-8.191629981472544841e+00,1.778257932861787083e+01
-1.696221588067783159e+01,-6.952947618117150341e+00,-8.038606414861774851e+00
-1.668016334341142226e+01,-7.967915308247498274e+00,-7.677352234120235153e+00
-4.021065784088747819e+00,8.554122914717822823e+00,1.762732406742079405e+01
1.258659867010094047e+01,2.335761158088715206e+00,-1.538241345755086797e+01
-1.541619815494468071e+01,9.811045451978536391e+00,-8.151736787012545449e+00
-1.874823750141260348e+01,6.900642306899626988e+00,9.529231453227851034e-01
-1.179746423740859029e+01,1.500998679163240013e+01,5.965358228674325858e+00
1.092357472092719917e+01,-1.461875089347545043e+01,-8.225775578192298099e+00
4.414421677850214110e+00,1.276406593284205115e+01,1.475517615519843417e+01
4.844338624411577143e+00,3.037042652235669493e+00,1.917830614284224211e+01
9.233453777794984774e+00,1.756031926525143660e+01,-2.554337895395903502e+00
9.707807094189860209e+00,1.682340233674453600e+01,-4.845201432460441993e+00
-9.807484449644164215e+00,-7.337660621391989935e+00,-1.582049248309526490e+01
-1.009900462398898924e+01,-4.053931959269291951e+00,1.680135265645624543e+01
-8.943715751601175157e+00,-5.592282220892855094e+00,1.701762558247975221e+01
4.326339911688535267e+00,1.800588498347465816e+00,-1.946237676696068775e+01
-3.698326655241061189e+00,3.975900108197194527e+00,-1.926521224971064328e+01
-1.956180332401345368e+00,4.482697085521905933e+00,-1.940078520383566740e+01
1.437726047994814849e+00,-3.702960446420490825e+00,1.961430213941209999e+01
-1.606146991004918334e+01,-5.834837015505783597e+00,1.042972078689080462e+01
-1.576955554159189887e+01,-4.376098087747081422e+00,1.153833213999962481e+01
-1.499131307523376222e+01,-3.645699555783593837e+00,1.275557189243974676e+01
1.866982546331519188e+01,-3.828117394543667729e+00,-6.087388120272898107e+00
1.798522555109266818e+01,-3.570856218232606238e+00,-7.992272172457219881e+00
-4.385866195216479468e+00,1.943010005782385718e+01,2.003115303117262158e+00
-4.600522955601306307e+00,-3.804978649793440582e+00,-1.908966268414188505e+01
1.833759374135451026e+01,-4.445289452005027897e-01,7.981872063899622560e+00
1.425371529709124729e+00,-1.939345422262091745e+01,-4.744304390611716826e+00
-9.933446233746963117e+00,-9.065934405437587884e+00,1.480973928028008402e+01
-9.968601867189036625e+00,-1.072239318327447677e+01,1.363692840268473816e+01
-9.057257677932298634e+00,1.743646412411764857e+01,3.810180059369997707e+00
1.798034514494060687e+01,-8.389708930545850762e+00,-2.703592918684002200e+00
1.809202048712573685e+01,-8.455237885984558943e+00,-1.176528310585716497e+00
9.335293536931551728e+00,8.644945853174604622e+00,-1.544365034989365881e+01
7.022287777529989228e+00,9.012556556988407408e+00,-1.642547292502938205e+01
8.226996064068416104e+00,1.021353971053171250e+01,-1.512376612717807234e+01
8.690949687695123771e+00,1.196781600897435283e+01,-1.347931494451445644e+01
-1.814379029615763272e+01,-8.360582438759621482e+00,1.175519403313430189e+00
-9.052100030852159307e-01,1.967810149360261107e+01,-3.463345575042957591e+00
-5.214670230858899913e-01,1.993609200006747528e+01,-1.616255499850169031e+00
-1.599760415419666515e-01,8.506195096396588440e+00,1.810165735253703900e+01
-8.950289086998523658e+00,1.690934550821808102e+01,5.885440217301734833e+00
1.322631483873245628e+01,-9.625432307815913191e+00,-1.151702453302114293e+01
1.217565932107807214e+01,-8.671266568059607494e+00,-1.331189088094673423e+01
-2.380609045611947749e+00,1.979811970321234327e+01,1.663294067177574220e+00
1.257856048923949288e+01,-1.127649211062106360e+01,-1.073347213132279876e+01
-9.753934354980188459e+00,-1.690865540025936298e+01,-4.436523552289997951e+00
-1.114644972865190198e+01,-1.642019936053080187e+01,-2.560302448787503238e+00
-1.150971327229778751e+01,-1.590690447815607911e+01,-3.861991190948749875e+00
-1.804744538927566566e+01,8.395053324880862533e+00,1.981565275000363613e+00
8.878657989807265949e+00,5.804512239840917687e+00,1.695758408667955308e+01
-5.658318369242181234e-01,4.867110224367692695e+00,1.941086292501260147e+01
1.220347159763009159e+01,1.425291822697264621e+01,-6.927853036013182475e+00
1.053014954613651355e+01,1.548624726015110298e+01,-7.066226388924022217e+00
1.379645171495889144e+01,1.262048565928870403e+01,-7.112993330430548156e+00
-1.409097559803740296e+00,1.595331511812327108e+01,-1.198376350847563288e+01
6.308127248985499591e+00,-1.869516854787646309e+01,-3.306416576216662406e+00
-1.520763843510543722e+01,-1.241249103954285715e+01,3.888822049954590909e+00
5.428670620096781363e+00,-1.182323431100246580e+01,-1.519686959724873532e+01
4.658096658728510420e+00,1.198764993871683515e+01,-1.533058830005059292e+01
-8.468229267074249833e+00,3.649753434374460426e+00,-1.776339187238328066e+01
-8.874123202823497536e+00,-1.676211389119312400e+01,-6.396574461385348798e+00
-7.393125969090192484e+00,-1.756779126298027904e+01,-6.065262632501507767e+00
3.809227657021125424e+00,-1.332686098722943768e+01,-1.444609868183465551e+01
1.905487616657090655e+01,-4.281052797554565359e-01,6.108090926960230149e+00
1.944465470095599358e+01,2.520480773607687297e-01,4.739304357374685139e+00
1.978263273440975922e+01,-7.573424761056912757e-02,2.994844864609852664e+00
8.041887267383344806e+00,-1.463973429563129969e+01,1.100850347572978905e+01
7.086501640459076157e+00,3.358608942849841128e+00,1.841088595588960430e+01
1.064182525871078866e+01,1.650636182444511491e+01,-3.826771976539191655e+00
1.109674078567100253e+01,9.062479093525340090e+00,-1.396159241417817043e+01
6.199252483259101609e+00,-1.544553413854492874e+01,1.110353066494734975e+01
-1.031780098599226392e+01,-5.226380987501144659e+00,-1.633101426433924530e+01
-1.574005320670693209e+01,-1.758778979257982655e+00,1.225239156197208246e+01
-7.561825452224596233e+00,3.776191180421577087e+00,1.812696102593932324e+01
-8.367120106033766547e+00,5.624688884895206797e+00,1.727485688831105648e+01
-9.379115511883398426e+00,3.941046680440848604e+00,1.722129167602322042e+01
-1.057482471591210071e+01,2.181668310572788982e+00,1.683676158134694845e+01
-1.109438018243579904e+01,4.164236701179206079e+00,1.611848984816547414e+01
-1.278632371803197998e+01,3.692196287517703013e+00,1.492952735526584718e+01
-1.186598961235169725e+01,5.534203110605460552e+00,1.511973992556873725e+01
1.254845900078147736e+01,-1.275548170390254654e+01,-8.939752631156451912e+00
-1.022637167308990058e+01,5.924716860239868765e+00,1.614216681117538599e+01
-1.082615443608224837e+01,7.579277294083382799e+00,1.501930529702442385e+01
-7.850770228696745789e+00,-1.669379662917812368e+01,-7.737557345347156001e+00
3.933337027891212756e-01,1.850782759086343532e+01,-7.620754825114289588e+00
-5.927303178743272838e+00,-2.559997526397367551e+00,-1.894224632356831250e+01
-4.582962478752534707e-01,2.691451502464730083e+00,1.981505806641353118e+01
1.657321710272029236e+00,2.005698244537910568e+00,1.984221298660326838e+01
2.405446280907440837e+00,2.427745001259594915e+00,1.973839828587235701e+01
-1.559305063130612723e+01,-8.691716147096130385e+00,9.019009457006454511e+00
1.967283939607015242e+01,1.876993342730230552e+00,3.127569956061492462e+00
4.301472222229506315e+00,-1.931959789375193282e+01,-2.947195201819468480e+00
-1.264795297062848078e+01,-1.539170952161171613e+01,-1.826034854703905808e+00
-1.356245808862816205e+01,-1.429703378893916010e+01,-3.424160402269762926e+00
-1.517611023436886342e+01,-1.274565338158868144e+01,-2.812766335425180841e+00
-1.283091074855070701e+01,-1.534604479805605592e+01,4.059388874996301411e-01
7.244102995912854226e+00,1.245962480289980334e+01,1.389689854033822769e+01
9.307827132841893558e+00,1.229436213633254482e+01,1.274128078203513326e+01
9.938338863107972543e+00,1.360324078319877117e+01,1.080650153215759701e+01
8.534378660851452025e+00,1.110948774710639952e+01,1.428351019470374439e+01
-1.179971356769088686e+01,-2.383486490490852816e+00,1.599850101377167988e+01
1.412129781581577959e+01,-5.540439312020168927e+00,-1.304540446527748543e+01
1.557821815462770587e+01,-4.603464193240000668e+00,-1.167837911312550148e+01
1.429617632446188225e+01,-3.306894064310284875e+00,-1.360327433310992262e+01
3.433116546893032250e+00,1.318920233742467474e+01,-1.464241156969825397e+01
-1.371996362976089756e+01,1.739419404753689946e+00,1.444774463554318089e+01
9.336885779456110868e+00,-1.637999026717695017e+01,-6.726781925111630756e+00
-1.962058922103437908e+00,1.440621210646650496e+01,-1.376057684485500943e+01
-2.043158596766744495e+00,-7.282043731165146028e+00,-1.851986368970867147e+01
-1.734974521781093415e+01,-4.003265779156905069e+00,9.150872728292235081e+00
-1.640099613554315283e+01,-7.397219476878106548e+00,8.769651983261418593e+00
-1.072336258971375855e+01,-1.025951103674215403e+01,-1.343464420293966555e+01
9.274445953516291752e+00,1.588068193762383373e+01,-7.889685101736091610e+00
-2.484555080125673499e+00,1.971450630469031751e+01,-2.299343515727493070e+00
-1.336867611594536243e+01,1.425325653823762195e+01,4.338072629942175240e+00
-6.411126632625524735e+00,-1.841205031519189106e+01,-4.462440211130754619e+00
7.336484126204716461e+00,1.340200245878098428e+01,-1.291818743428257221e+01
9.156936677270515190e+00,1.730136235895400887e-01,-1.778284082312718795e+01
-7.031272729725202453e+00,1.922463869842331974e+00,1.862433760507941116e+01
-1.834018335387526122e+01,1.719789923028415046e+00,-7.789793396632028077e+00
-1.825886495300825629e+01,-1.663219905435497026e+00,-7.994882130344791449e+00
-1.048390556659686013e+01,1.677159109473222998e+00,-1.694918838699413755e+01
-1.118219833505615668e+01,3.409026767826830451e+00,-1.622777445614866565e+01
-1.271879983053133856e+01,3.694819741472187502e+00,-1.498652021211138674e+01
-1.376189526138622909e+01,1.925158609943906640e+00,-1.438457061525195968e+01
-1.440362101855282617e+01,3.381222815763990752e+00,-1.345852474229398865e+01
-1.574071770066659326e+01,3.124933067921375596e+00,-1.193865163085195036e+01
-1.636129261214270514e+01,1.654486427249665326e+00,1.138305062372363352e+01
-1.644008180764286919e+01,-1.742321424430699039e+00,-1.125902663493251055e+01
-3.005429750803216393e+00,-1.747020480849656110e+00,1.969556732701949642e+01
-1.737461031611402973e+00,-3.657561221631780768e+00,1.958768166843101000e+01
-6.908596982416938204e+00,-1.747020480795569597e+00,1.868740934573063228e+01
-6.071563420650022636e+00,-3.591069622419240659e+00,1.871525706302263714e+01
-6.841608209924515904e+00,1.517509292970714796e+00,-1.873257882053840717e+01
-1.001321988748600234e+00,-1.749275794157014730e+00,-1.989817550608157148e+01
-1.059196033734609443e+01,-1.586226345127542459e+00,-1.689096397078097311e+01
-3.005429749808087081e+00,1.747020480245012664e+00,-1.969556732722524828e+01
-1.982114700547087693e+01,1.732085813438104083e+00,-2.030329960224733554e+00
1.215945524061430660e+01,6.998624434521175885e+00,-1.426499320480073152e+01
-1.178721454939122282e+01,7.884799533349699630e+00,1.412568155891092658e+01
-1.893845639559584981e+01,1.857595710008581591e+00,6.170243933272374193e+00
-1.992453642574945150e+01,1.735774829144986597e+00,1.088361828074368987e-03
-1.898573949797578564e+01,-1.932133335871569102e+00,-5.992681619088450873e+00
-1.749386912332064981e+01,7.169402723383157650e+00,-6.536673726216122304e+00
-1.930327227452146133e+01,-4.847702237713491513e+00,-2.060801287821021788e+00
-1.946801510079858133e+01,-4.651093584023740846e+00,-1.204192414208051787e-01
-1.883921119403115085e+01,-5.425454271862179212e+00,3.985671270747154438e+00
-1.946577083258803498e+01,3.519227062367008330e+00,-2.950143701378614480e+00
-1.736351998114959372e+01,-8.072741318700735746e+00,-5.823310909288103687e+00
-1.715628500043969495e+01,-1.000970680902938170e+01,2.355083882692092345e+00
-1.651049104262619949e+01,1.031384529598076938e+01,-4.683177816903025814e+00
-1.098718769240534243e+01,1.258074716042661123e+01,1.104336044970125386e+01
-8.273831018281981642e+00,1.092084109174670914e+01,-1.458683339173673232e+01
-1.383195246980443471e+01,1.445407435596119683e+01,-6.444351977990194769e-01
-1.333045848175513015e+01,1.491381816846895703e+01,6.675841668003741347e-01
-1.374416358526546844e+01,1.230625672624138645e+01,-7.737944540773305846e+00
-1.213751635707461674e+01,9.838308169650915147e+00,-1.252079052082675048e+01
-1.192343124953612232e+01,1.185365760927633261e+01,-1.087406337278419244e+01
2.765945985589155498e+00,1.901498485262344929e+01,-5.564183694071253683e+00
1.554286023742413647e+01,-3.160027318072522462e+00,1.220306814193866529e+01
1.636582205984258565e+01,-2.963955332199773807e+00,1.112480889726672473e+01
8.610426653583317602e+00,-6.797641889971941964e+00,1.672586374962759237e+01
6.088517245904881747e+00,-5.473642456331859307e+00,1.825106725399865581e+01
-7.258860126847991978e+00,7.702833259094937546e+00,-1.698872727165274910e+01
4.095646461832203045e+00,1.674758221405980407e+01,-1.015451427869247425e+01
3.269019075423358345e+00,-1.226642618375127824e+01,1.547987722563717483e+01
1.098260063599110481e+01,3.644288692484707326e+00,1.632732283654293326e+01
2.844522344057921259e+00,-1.521419674950499257e+01,-1.269185967726642161e+01
8.944622288844072955e-02,-1.055562966391458701e+01,-1.701230407976721892e+01
1.175295820296499727e+01,6.581967159995798511e-01,-1.617472060236445941e+01
1.888007203813685919e+01,-5.099269518940047874e+00,-4.273113341595283998e+00
8.550002009420389015e+00,-3.532315338437967966e+00,-1.774029777944642206e+01
-4.701672612443985599e-02,-1.437388909529001069e+01,1.391289930969730904e+01
-2.293299157486856643e+00,-1.396435856073003379e+01,1.414621954170710438e+01
5.875707415145839718e+00,-1.013659663749822926e+01,1.621134829771814623e+01
8.285225697110220722e+00,1.495341975196259909e+01,1.038906838704386359e+01
-5.470376828767015809e+00,1.461929597968216399e+01,1.251422567268875241e+01
-1.452124662898380336e+01,4.985740382578441654e+00,1.281903304101009411e+01
1.257293997809168218e+01,-3.499459850943281936e+00,1.515699831227800587e+01
-9.214276373414520549e-02,1.677629018613632894e+01,1.089503584977579465e+01
-1.381269863771223072e+00,1.105708652646963941e+01,1.663019755416355139e+01
-2.807258079484498126e+00,1.213600448805070187e+01,1.566301250241384935e+01
-2.240087098615347827e+00,1.027226852396415779e+01,1.702289228068008242e+01
-5.926080898882375436e+00,9.214414726773497932e+00,1.674914755246366127e+01
-6.281810186163824028e+00,8.129953524063949999e+00,1.717975283250683560e+01
-1.792560923801514150e+01,4.738622943471540339e+00,7.542631233088663123e+00
5.809929274858930626e+00,1.851775396964671927e+01,4.842604310788424016e+00
5.521995834440645012e+00,1.901859548005300837e+01,2.816957486118411680e+00
1.746404387829680616e+01,-3.810821603521503675e-01,9.748589426120574331e+00
-2.353569104563092651e+00,1.237780392330093093e+01,-1.553307522408675823e+01
1.680360652551207323e+01,5.771582344871859505e-01,-1.084527215559008084e+01
1.714337876544347239e+01,-1.702390229421382628e+00,-1.018368631522787382e+01
1.605342608322783349e+01,-1.007304076879279364e+00,-1.191291561661284959e+01
1.867667402301020729e+01,-1.420611728590017719e-01,-7.160460589796485920e+00
1.195626099049880509e+01,1.313156434218075219e+01,-9.229061435788310064e+00
-5.472302262165840148e-01,-1.621997704381244887e+01,-1.169902172762090231e+01
-4.899279181666429395e-01,-1.532263732840411308e+01,-1.286386174397827631e+01
1.991448584119464016e+01,-3.834477316506479383e-01,-1.947272716188656716e+00
2.708963864097512442e+00,1.688671509853486441e+01,-1.039947309861727831e+01
-1.426740653271055237e+01,1.279365917493429095e+01,-5.728710372567384468e+00
-2.563479549294257254e+00,-1.664475474016779799e+01,-1.079585201324022137e+01
-3.906318859801999110e+00,-1.543069474822843290e+01,-1.213326616976766559e+01
-7.210411792834477751e+00,9.974627886833403068e+00,-1.578477105058800589e+01
1.455911359466024635e+01,9.592748562932584377e+00,-9.804045344124560302e+00
1.595601567991235470e+01,8.910377924851367482e+00,-8.153130747863770011e+00
-1.054951905843408611e+01,1.641619092682316250e+01,-4.430584847343041588e+00
-7.000537977453547001e+00,-1.238871548485292351e+01,1.407790356009915911e+01
8.980749199850372122e+00,-1.670227034872490890e+01,6.382396043005606145e+00
-1.948684928124379212e+00,8.032290954542084194e+00,-1.823531987484338401e+01
1.916725353444695656e+01,2.895571442322633970e+00,4.978529618024559511e+00
-3.485370540269101980e+00,-1.704601416524619140e+01,9.899534054655639181e+00
4.170997221404633137e-01,2.000338617704026234e+01,-6.971901585978557137e-01
1.215250529425595971e+01,6.732455953751554034e+00,1.441410014134117290e+01
1.379760275090343669e+01,6.489516881004661286e+00,1.297009069903928946e+01
4.911850316422388119e+00,-7.688501548889320247e+00,-1.781611621307801840e+01
1.896724335754549173e+01,-6.242503870043691450e+00,1.180321359350706700e+00
1.912068410144895125e+01,-5.836614036201595468e+00,-8.211959138003948055e-01
1.582981370142125854e+01,6.479390022193371124e+00,1.037539598525349049e+01
8.585676253186328211e+00,1.696763467355785338e+01,6.249540217364163652e+00
9.764006827941400957e+00,1.570961690199831651e+01,7.638790392744873259e+00
8.673116164390016536e+00,1.729989385448966033e+01,5.079116706008399262e+00
1.519085109865395822e+01,1.167194330664730018e+01,-5.819392017908114667e+00
1.616844348647337881e+01,1.008057383677198970e+01,-6.123367569257311516e+00
1.703570523945864323e+01,9.388911728778992938e+00,-4.687086678318294730e+00
1.703203045472999122e+01,8.285844087734602681e+00,-6.460812659706100192e+00
1.498491679336106586e+01,1.073348722616524498e+01,-7.791909061283384119e+00
9.903810115599647190e+00,-7.581001711643196472e+00,-1.564421733338699028e+01
1.182621791520845989e+01,-6.473322842908601160e+00,-1.479322424104611855e+01
-1.137118599959940468e+01,-1.099244596128144735e+01,1.227596594036338473e+01
-1.152067109798042566e+01,-1.183263579322552062e+01,1.129295111274015539e+01
1.783455007066681475e+01,-7.543400116437908309e+00,5.064268381605081970e+00
1.769019783899868514e+01,-8.441614102591870505e+00,4.014272053308921784e+00
1.744350641938057578e+01,8.946198142529134145e+00,4.001579416626022123e+00
1.401841740045124851e+01,3.545227870645717871e+00,-1.383315547688715696e+01
8.214113882426445912e+00,-4.891395249699584724e+00,1.758703035987861085e+01
-9.059588634088768799e+00,1.774425436983238313e+01,1.933280354835126502e+00
-6.812982748945586309e+00,1.873850754632265847e+01,1.733633435393407751e+00
1.634442224033308833e+01,-5.244390418650056063e+00,-1.026723770918356138e+01
1.653126629689728588e+01,-3.818789695478059798e+00,-1.062239269524786778e+01
-2.495871650144550813e+00,-1.892003180175356647e+01,6.039225163099018800e+00
-4.159944888580113798e+00,-1.891623006567134269e+01,5.019699995421525784e+00
-3.582417425079825080e+00,-1.943849132526290191e+01,3.142632621620492728e+00
-2.542390778411601104e+00,-1.972105091764235851e+01,2.238638872221216047e+00
-5.239621824921528059e+00,-1.619525917422988925e+01,1.052241294763431512e+01
3.851359278153026366e+00,-1.963496006819190143e+01,6.046373695163964612e-01
1.818065261433432056e+00,-1.989135038210088169e+01,1.023981003895563902e+00
1.691557061266476580e+01,6.297129531436041816e+00,8.626933902497931683e+00
-9.973044399098995427e+00,-1.731445074019774211e+01,-1.063123970938882223e+00
1.975786917903398177e+01,1.656242416206765711e+00,-2.673832340469253666e+00
-2.632651900729015892e+00,-1.338282991488915741e+01,-1.464704204932974108e+01
4.282589496407155139e+00,8.053093663657755030e+00,1.780825160538914531e+01
2.423626462683330374e+00,8.861408814454009075e+00,1.776947806769979366e+01
5.049932887454289698e+00,8.333639376098844309e+00,-1.748502194909613650e+01
6.687453046681838487e+00,6.972133993372942484e+00,-1.751386625957383103e+01
2.489588206569294471e+00,-3.710386878852403925e+00,-1.951937059952317099e+01
7.346425471962390930e+00,-3.981964391158498984e-01,1.860345231683104572e+01
-1.216738870560348573e+01,-1.215682391379570504e+01,-1.023608775152210626e+01
-1.582787924437207039e+01,1.192657397418015819e+01,2.715019685890204926e+00
1.573037870482243505e+01,-1.204216836311346128e+01,-2.879131873259645147e+00
-9.677459799325447420e-01,1.893023750608347910e+01,6.439279026385051452e+00
-8.038093009550948409e-01,1.946110300043935126e+01,4.579233637425645043e+00
-2.377061643815309822e+00,-1.030546895943766117e+01,1.699492774136128048e+01
-8.303231264822557023e-01,-1.189469814579798879e+01,1.608203572837896900e+01
-1.268793585482620756e+01,-1.409795105757173417e+01,6.404993521834477122e+00
-5.976364676262178932e+00,-6.918113635607156198e+00,1.778939658507134425e+01
1.883995557226984374e+01,6.189286645787916541e+00,2.713252925408426108e+00
1.875805906424657366e+01,6.772618669604739239e+00,1.639618953662882461e+00
1.703600189582448365e+01,-8.877137424477069771e+00,-5.631330884505636902e+00
1.001715110174095003e+01,-1.705969921961570890e+01,-3.038044032759906088e+00
-1.136509232435435024e+01,-1.622789910290084947e+01,2.767190650451723855e+00
1.810342864752173853e+01,7.752174669915326888e+00,-3.496101650175830855e+00
1.764893564873649012e+01,9.178764144433799288e+00,-2.171986313462085150e+00
-6.483042446139918979e+00,1.743356869896931016e+01,-7.373918713824373583e+00
-1.394501265015190938e+01,-5.511129625846834301e+00,1.324539159002532784e+01
-1.318628117255551047e+01,-4.088546971101493455e+00,1.449885698474105311e+01
1.181317256043001862e+01,-1.534486010317522187e+01,5.063099961162279783e+00
1.407476596934005642e+01,-1.367643776329700245e+01,3.966747138205725776e+00
1.410662147321134086e+01,-1.408243840863075036e+01,1.785143188207371168e+00
1.335813583880786126e+01,1.478681621623517373e+01,-1.813445899693164165e+00
-6.342183350078457238e+00,1.555101130859753056e+01,-1.089011553308584723e+01
-7.823650365328688849e+00,1.537649253087283086e+01,-1.012784410750506936e+01
1.309783787048846193e+01,-1.210007288764880684e+01,9.062569743524996113e+00
1.210338187723204584e+01,-1.162729419921491569e+01,1.089145667020460451e+01
1.061843176522224041e+01,-1.272950605102661825e+01,1.120598825822351330e+01
-5.677575090069581165e+00,-1.918463767388402630e+01,6.181129024446079256e-01
-1.581447829985943088e+01,1.002613793901979022e+01,7.084909067622739087e+00
1.170229490158352093e+01,-1.568709292005293321e+01,-4.125973733243398556e+00
-5.195229495139827236e+00,-8.571275791154249646e+00,-1.732382901152168131e+01
9.874965465936277553e+00,-1.413912196661114251e+01,1.014193061294679410e+01
-7.909586957386508743e+00,1.806596348833583221e+01,-3.348530849516677677e+00
7.582036647124823503e-02,-7.587703464341984727e+00,-1.850484360319664745e+01
1.136886082683390242e+01,5.972434021632906820e+00,-1.534544833238278727e+01
1.264264306686290240e+01,-1.548032874913543822e+01,9.636296366365471044e-01
-2.159635749463802767e+00,-5.897251413261741959e+00,1.899755177359922698e+01
-4.079956234041176799e+00,-4.501086369201217963e+00,1.906428972544377842e+01
1.151326482311399957e+01,-1.849121638470748508e+00,1.626074737107624202e+01
-7.464037678151413502e+00,-1.670692222128946014e+01,8.108337704327922779e+00
-1.507365281101458265e+01,-1.170149260857901652e+01,-6.007954233347433615e+00
-1.600555729875608790e+01,-9.875709388882256690e+00,-6.844821962072302313e+00
1.308064586573625832e+01,1.472298881807564896e+01,3.516785195839034373e+00
-6.869313786953028966e+00,-1.824619118012486751e+01,4.485353706141218311e+00
1.424729694243147549e+01,1.241563433554710372e+01,6.556794284525615524e+00
1.278975653223280062e+01,1.383492562820716643e+01,6.715851370835018486e+00
1.019737555104656224e+01,-1.697970969662469543e+01,2.882551648987863757e+00
-7.689882984657330667e+00,-1.180606613991865572e+01,-1.421070008092017645e+01
-8.680358853998157542e+00,-1.297325931380980535e+01,-1.251087952362564693e+01
2.892361146044294173e+00,3.849429865041670951e+00,-1.943157458570611595e+01
8.508176208721494049e-01,3.217656422084061774e+00,-1.973764543295612839e+01
-5.358788619252990770e+00,1.705047096604089063e+01,8.983685865933374259e+00
2.297525116094462305e+00,6.975552986443460668e-01,-1.986712656506391284e+01
9.179444633237352491e-01,-1.278637966407671911e+00,-1.994177848852493184e+01
6.278817051443610353e-01,6.361099263612700838e+00,-1.896477788835527178e+01
1.642147875472237928e+01,1.139144804119559495e+01,9.785905896577204999e-01
2.531894245509079155e+00,-1.894578936094971766e+01,5.924611540901885576e+00
6.325491160336923713e+00,-1.847072532351830887e+01,4.388493227733420099e+00
-9.612834961398206701e+00,1.738789493368759764e+01,-2.416873161525010971e+00
1.837619933720179688e+01,4.765617638719135130e+00,-6.341673337758095386e+00
1.628007641075596723e+01,6.482676522266871189e+00,-9.667376097254802403e+00
1.201525531771198985e+01,1.140637512685835731e+01,1.121531267257434905e+01
1.196062500510290505e+01,1.279728463484919843e+01,9.656973849803982546e+00
-9.494698109284470888e+00,-7.321012403857452000e+00,1.601249348196428457e+01
9.549432889498127963e+00,-2.537232518257255265e+00,-1.740728675270868564e+01
4.636157131810080045e+00,-1.774414923977900571e+01,-8.037977062163008668e+00
1.458419628223677478e+01,1.108278408304015272e+01,8.035075113780969502e+00
3.054538109223301490e-01,-1.869062580238448845e+01,-7.156242501282470414e+00
3.593099719722019358e+00,-1.865947205490157046e+01,-6.267159074682709274e+00
2.481131787010824041e+00,-1.730523477140548039e+01,9.723498274087894799e+00
-3.535847589551423198e+00,-1.883707120425960113e+01,-5.780395246214737881e+00
2.836389017129704371e+00,1.407493436394792496e+01,1.392837418013476736e+01
6.169666985120983327e+00,1.897750387580281028e+01,-1.465601754883159913e+00
-1.244648718178851254e+00,1.857383428858895513e+01,-7.328580313991707840e+00
-9.937099968570350939e-02,1.906792372104034428e+01,-6.068234765281076193e+00
1.225468235724858346e+01,-8.512323845180219450e+00,1.332003355288792079e+01
9.361914627145750956e-01,1.145492345951612378e+01,-1.636795583736629567e+01
8.121311003007285478e+00,-1.528065656414662499e+01,-1.004794194217278402e+01
1.013109934809594392e+01,-1.093766541477312160e+01,-1.333776261652390360e+01
2.349917337172826137e+00,-1.946504123293919974e+00,1.977283911463621635e+01
-1.200837436780943790e-02,5.488311256794602855e+00,-1.924847881786502057e+01
-5.115127455730714701e-01,3.911587752044312083e+00,-1.964011487896763697e+01
-1.681495836053235848e+01,6.305265844239400508e+00,-8.839086811452474990e+00
-1.682959356426006536e+01,4.486742084744491876e+00,-9.843799166303369930e+00
3.871367107357585269e+00,1.732721934023550148e+01,9.255592276582547129e+00
1.519251813891138880e+01,-7.968813150743443430e+00,1.028309950958122698e+01
1.382685784409801499e+01,-9.923490840544772595e+00,1.051802857927270196e+01
-8.888898076801694970e+00,6.960811139822766336e+00,-1.652469238625558035e+01
-1.426475682930833955e+01,1.016107892019616088e+01,9.702349615516212111e+00
7.860122099740699753e+00,1.737235335017811622e+01,-6.050833484711127142e+00
-4.645550223647987309e+00,1.439931333464733854e+01,-1.308103000099207236e+01
2.866888815543291003e+00,1.649861420996184336e+01,1.095079604943136786e+01
-1.013642707971089862e+01,1.603463675248232079e+01,-6.369912986673021749e+00
-1.415033894687869065e+01,-9.813921163300662442e+00,-1.020735241825327932e+01
-1.508779598306395542e+01,-1.052538375905903933e+01,7.887593225515736606e+00
-1.579464685488861164e+01,-3.515383496399508090e+00,-1.177392847123535091e+01
-1.219863050882244693e+01,-7.185244174459981537e+00,-1.414335258278354956e+01
-1.847738407603979738e+01,-3.216391404516727448e+00,-6.961336956566746892e+00
1.611700270556326586e+01,-9.258002427053710903e+00,7.394014184706868775e+00
1.684422980270709758e+01,7.057945935464736920e+00,-8.186991949793068102e+00
-1.230602495948406272e+01,-1.485269296783300774e+00,-1.570118754905445257e+01
1.737389918098368469e+01,-7.354049751408140878e+00,6.663227728847715525e+00
-9.404200626332581692e+00,1.244740490591989612e+01,1.253582059464504539e+01
-6.956940752910156789e-01,1.566628586982797344e+01,1.241991382914530817e+01
-7.088984223417057251e+00,-1.094707121344211487e+01,1.517920362461556039e+01
-1.618810502906401894e+01,-1.116624371061851662e+01,-3.735353127060662359e+00
1.830355009015024592e+01,8.074509669426454650e+00,-1.997632956672603655e-01
-6.060466924715512960e-01,6.631158108223246472e+00,-1.887826147333785798e+01
1.815599423740648177e+01,-8.197396803188723879e+00,1.779558124997471680e+00
-1.013182948214637236e+01,-1.333174265460569075e+01,1.094021058839988569e+01
1.714589466318697220e+01,9.990634865259252706e+00,-2.601926039192363760e+00
-1.417148905495901090e+01,3.349855463411387291e+00,1.371024085339153231e+01
1.668769120384590110e+01,4.748434327910047159e+00,9.967276114192401337e+00
1.581578491253482355e+01,5.326430318985330814e+00,1.104286726084852432e+01
-1.082561041511939948e+01,-8.013028523890199040e+00,-1.480362145665633022e+01
-7.447529203186363134e+00,-3.235751440200687057e+00,1.827927131180695852e+01
-6.774994094531237465e+00,-4.986086028396016445e+00,1.814556530106183629e+01
9.887515150508178863e+00,1.470678052452344531e+01,9.274769194884342483e+00
1.614863022733061371e+00,1.276809910826877115e+01,-1.530943383727939988e+01
1.382863913972706627e+01,3.235681484810456254e+00,1.409551870688940056e+01
1.477865247663854120e+01,1.532305394430650836e+00,1.338943148385325088e+01
-1.962567682267570035e+01,-3.758041469659175959e+00,-1.001316811264359785e+00
-1.906000728919860876e+01,3.584968426487890270e+00,4.888586863253337356e+00
-1.655720254718247020e+01,-3.879605373861750195e+00,-1.056357504238614808e+01
9.764235478477694130e+00,-1.211945155662479578e+01,1.258045596636744534e+01
1.095387393000223142e+00,-3.307174763775975634e+00,-1.970541506486327421e+01
1.797272015506275977e+01,8.541584520126470181e+00,2.097090524094411990e+00
-1.553008263411312839e+01,3.424954390022634243e+00,1.212807783407531304e+01
1.803787473617009596e+01,-1.644750512510100293e+00,-8.485763194585544511e+00
1.799093133803889089e+01,-7.349684917806385442e+00,-4.737206590139891205e+00
3.496289641104681323e+00,-9.545696678218419606e+00,-1.724675462265297199e+01
3.949737194235567017e+00,-1.038398500277058645e+01,-1.664600408470913351e+01
1.670271102872337110e+01,-1.096157950788440871e+01,-1.151002292922946424e+00
-4.136733939759551504e+00,-6.980464680306056380e+00,-1.829435023575790353e+01
-1.553736758823716002e+01,8.717527171928885821e+00,9.121898363085819028e+00
7.822038665330516949e+00,3.298006695263921983e-01,-1.842223961982290348e+01
8.667397807372765328e-01,1.919566128255156912e+01,5.599916063681710909e+00
-8.156854771908967905e-01,-2.000583262350055236e+01,8.164841966757308001e-02
-1.831398572440136263e+00,-1.552557992385224850e+01,-1.248036570612619300e+01
-1.873999943789513623e+00,-1.412242013212470226e+01,-1.404831388791686209e+01
1.233028682984301128e+01,1.487893979469178873e+01,5.177624411991708087e+00
1.313678425987204434e+01,1.272529589749580481e+01,8.093121817249681271e+00
-1.967798753886400220e+01,3.423086705174625877e+00,-1.036743156595669291e+00
1.739274451235964136e+01,9.868000973993183322e+00,6.177069166379354215e-01
1.271782472189990187e+01,-1.512496296698706999e+01,3.091782564080709506e+00
-9.652495628605549882e+00,-1.198052787489460513e+01,-1.280355913210954100e+01
1.228136386235306077e+00,1.585605773725158940e+01,1.213922685083446140e+01
-1.320141454225863242e+01,1.059546886802870347e+01,-1.066493452197252623e+01
1.861956698762050877e+01,-2.217255666767357525e+00,6.969396057302873260e+00
-9.361431570236888433e+00,1.714112284069925352e+01,-4.389801985652042049e+00
8.184496737353157414e-01,-6.850884413390787131e+00,1.878832425716222332e+01
1.994201700360508056e+01,1.355080150670772809e+00,-7.019200806064418430e-01
-8.537115984351373754e+00,1.375433375357683730e+01,1.179647479906758889e+01
-3.620039934424426065e-01,-1.333641516761692003e+01,1.491101991464055487e+01
-4.158599310444259345e+00,-1.748277553965554887e+01,8.804149140054256861e+00
-5.725147478769898157e+00,-1.758892971069468558e+01,7.618177499601621605e+00
-1.450764894941987393e+01,1.371242878773928453e+01,1.438887472036874726e+00
1.323061605549617070e+01,-1.417409292566148338e+00,1.495491282461432547e+01
-9.872433493800670590e+00,-1.211083616619147563e+01,1.250153195961784292e+01
6.523270163279519807e+00,-7.215467590459894609e+00,1.749493411459229009e+01
-1.843124869044349623e+01,5.455665629474026446e+00,5.570391219163290941e+00
8.314604496633677400e-01,1.966195046732188700e+01,3.580354208432396490e+00
6.627569469631765742e+00,-1.883752060543058349e+01,-1.332886941528769853e+00
-1.641933569264280379e+01,1.580431644422944260e+00,-1.131021383263234270e+01
4.441344175987552489e+00,-1.823202722942687615e+01,6.943628715260075523e+00
3.784525104584091082e+00,-1.743773217213086468e+01,9.052635043462174735e+00
9.875832288168425066e+00,-1.503248182224602658e+01,-8.761397939317006944e+00
7.360781829310411695e+00,1.860409869738776933e+01,2.326439745203856546e-01
1.292086309072580974e+01,-9.729839978050051741e+00,1.178539019075213901e+01
-6.925704980811843825e+00,1.507339798263038944e+01,1.118700329501712076e+01
-1.962539674106847087e+01,-3.716394446281142905e+00,1.147680926072780494e+00
-5.348949058616810248e+00,3.890135361354197130e+00,-1.888518966994780612e+01
-1.763687716068199052e+01,-3.457129342404826389e+00,-8.776502561396654301e+00
1.066175450527489943e+01,1.602979630416525936e+01,5.440243979142287856e+00
-1.497610160225720222e+01,4.879630260024555355e+00,-1.232887700415356846e+01
-1.359028968194951403e+01,-1.387961181586273085e+01,4.800283489140731774e+00
-1.914118265644799521e+01,-5.407806408894373362e+00,2.202727505586032919e+00
7.979886977526717828e-01,1.748813369987108501e+01,-9.676491390167171858e+00
6.490555874289270832e+00,1.011776600551512217e+01,-1.601111340790191662e+01
-7.005719227972207364e+00,2.596522198647278401e+00,-1.856238000188913873e+01
1.750704973140338438e+01,-9.677262115674977849e+00,-2.440300184148469498e-02
-1.685954399159564332e+01,-5.383031874676461825e+00,-9.331744017205537034e+00
-1.684385919363404582e+01,8.025693951487326672e+00,7.237949077499131079e+00
-1.622262408276749568e+01,-9.820302219838424662e+00,6.398396509982440250e+00
1.021918032135464927e+01,1.717773962273519572e+01,-9.245613130371452826e-01
1.091487985434937968e+00,-1.225270849568461529e+01,1.577087550816635542e+01
-1.937974617156395141e+01,4.976749054503613934e+00,3.863518172577542487e-01
1.938534418943266502e+01,4.293195152321729324e+00,2.535608662163703286e+00
3.329384428930566742e+00,1.525759368227989654e+01,1.252391713758692049e+01
-4.107938233983759346e+00,-1.831802403979030203e+01,6.906997284326280351e+00
1.145137483231997066e+01,1.424735718457983324e+01,8.124245968144805374e+00
-1.451577768466309237e+01,1.079703442376269606e+01,-8.556775463491504752e+00
1.573036819039322154e+01,-9.639132189082033619e-02,1.236960924064873524e+01
7.296901867320642054e+00,1.829438914335940325e+01,3.521240571032691946e+00
1.428277138000515123e+01,-1.025162319479656503e+01,-9.557617227240953639e+00
1.067554588269666738e+01,1.290511518081410003e+01,1.096311436600220901e+01
1.473633902842099275e+01,-1.781835080011234140e+00,1.340532333089953454e+01
1.313193132307296906e+01,5.061356777195129553e+00,1.421366942534639577e+01
-1.191540051208951922e+01,5.566993278624792651e+00,-1.509575983540219113e+01
5.826161314819458426e+00,-8.307436536012602346e+00,1.724278768224300507e+01
-8.405626784047939282e+00,-1.187569792136085312e+01,1.373689417628128950e+01
6.770503390428658008e+00,1.765487377320425821e+00,1.874309847579261046e+01
5.577312057560561698e-01,7.234545213954199028e+00,1.864169086318269919e+01
1.094105793566626517e+01,-1.639922298115114074e+01,3.440980671531221446e+00
1.993287467108290656e+01,-1.186644440101659370e+00,1.283703518432353974e+00
7.812899234923129654e+00,1.015066644030372345e+01,1.537144613172817742e+01
-8.106107989085316490e+00,1.714107107287505727e+01,-6.427011849990989845e+00
-1.637480986423679497e+01,1.147626446269458000e+01,6.184765354328476405e-01
1.153385870031232230e+01,-9.481138424108536356e+00,-1.332649724872018737e+01
-1.772207138856195741e+01,3.326527668409013927e+00,-8.652420727203704587e+00
6.369222782621903889e-01,-1.418004965952017926e+01,-1.409914616727074588e+01
-9.999056773675363274e+00,1.597193623314608857e+01,6.732529490498208702e+00
-6.062951402210856600e+00,-1.754802200111831212e+01,-7.447181162295983370e+00
-4.861848320159140258e+00,1.907476016998023738e+01,3.628791427803889746e+00
1.247929983648933217e+01,4.463201287463604672e+00,-1.500896889441310122e+01
-1.469017818431157707e+01,1.322726213153972452e+01,3.100022515155700376e+00
-1.747090277052764407e+01,6.947530846472986354e+00,6.850121218693082881e+00
6.929614322363590873e+00,1.185396687905994639e+01,-1.456477171924494485e+01
3.914589125511596990e+00,-1.956796925584714586e+01,-1.380183695007019651e+00
-7.037607615899730718e+00,1.622612210107408970e+01,9.340906119914471617e+00
-1.133155625209643347e+01,-1.141865565874046240e+01,-1.188445972739229717e+01
1.464774783536830682e+01,4.753368665447439412e+00,1.277195449688592532e+01
-1.334710080684754985e+01,5.131002478330302097e+00,1.398331178781482009e+01
-1.600008544752662942e+01,1.013331654936921922e+01,-6.473497375724704739e+00
1.256847018567282959e+01,-7.179063369876146794e+00,-1.383230532979048633e+01
1.395459486907606106e+01,-1.208234859766687919e+01,-7.720765928016966484e+00
-1.479854114655839226e+01,-1.276023774982266445e+01,-4.289854806242217933e+00
9.174881004730508494e+00,1.670250398834770778e+01,-6.104187907061749740e+00
-1.890723257032375670e+01,6.495913314177926168e+00,-7.698917398726905503e-01
-7.747196170678094518e+00,6.987828513580780054e+00,1.706371721113965378e+01
1.598393498623883602e+01,-1.231340572804796807e+00,1.198243434517219441e+01
-6.581046282258284918e-02,-1.936682207487490359e+01,-5.024531196910551500e+00
-4.039341097155329408e+00,-5.745719569985411113e+00,-1.874118068406826865e+01
1.127360900026137358e+01,2.122177016906704239e+00,-1.640181804419314915e+01
-1.828175793635338664e+00,-2.835300076897638633e+00,-1.973394205376061450e+01
1.775582723275928032e+01,6.540991186546520453e+00,-6.515535931122471425e+00
7.872308937645442484e-01,-5.179434006444651573e+00,1.932502344066009314e+01
5.244245771353476471e+00,-1.651815174460915614e+01,9.991007670142600716e+00
-1.515680450699490223e+01,1.125157894886353205e+01,-6.635304833316048700e+00
-9.890551665023110672e+00,4.975770147052472225e+00,-1.665989635195066398e+01
2.402092737579550885e+00,-9.986387318571658511e+00,1.717398787150378325e+01
1.691472972274188180e+01,-1.000457902338834515e+01,3.771097849661231294e+00
-1.248988518058526154e+01,-1.479050735707866693e+01,-5.035098184770390617e+00
-1.621516332893962442e+01,-1.140540630563000946e+01,2.681534088320375986e+00
-1.024945133519992169e+00,1.997732486684950004e+01,2.774568509306405417e-01
-3.891290054541656218e-01,1.258912172450305889e+01,-1.553619990990036115e+01
1.909098257791191600e+01,6.000964368765835388e+00,-7.817928602619872436e-03
-1.892941360818947771e+01,-6.427490145051393711e+00,8.112100609023258357e-01
-1.151086009577561242e+01,-1.634883143722518639e+01,-4.787239259798354851e-01
-8.735210928598732494e+00,-1.015741012973066404e+01,1.485037874685050951e+01
1.511281992418298614e+01,-9.388422750797289495e+00,9.150969375225550095e+00
-4.763545757726134866e+00,-1.892482589708981777e+01,-4.380423859464933400e+00
-1.844575180245854540e+00,3.526635410323834208e+00,1.960308273880055907e+01
6.727928440322543224e+00,-1.446205827895583695e+01,1.209701077139312275e+01
1.994136247795633210e+01,1.150173646446120301e+00,1.233906284512308105e+00
4.245236740496622474e+00,-9.730354068867455908e+00,1.695481428946629876e+01
1.593727212422081152e+00,6.671960277591466593e-01,1.994739087126317401e+01
2.838434528221682740e-01,-1.663029710396486394e+00,1.994144929148221124e+01
-5.638114062141482918e+00,-1.831265846343471537e+01,5.734086051399415851e+00
3.057406365718193797e+00,-1.140497054599940441e+01,1.615516472426713079e+01
-3.296956187495865720e+00,1.509021779866617408e+01,-1.271681979111080807e+01
-7.849985310962480867e+00,1.644095037599383602e+01,-8.262578230637942056e+00
4.766795069664567563e+00,1.397728683486314338e+01,1.350443065981914970e+01
-1.287012969550148966e+01,1.383643556149884546e+01,6.571697522666099189e+00
9.280183775097135879e+00,-1.709482655359607861e+01,4.665921141309418374e+00
1.154511204443935668e+01,4.412905829536413194e+00,1.574067039926158884e+01
-1.746199485014933828e+01,8.208686097095075240e+00,5.265316990775616546e+00
-1.608722812702573890e+01,-6.250651027238106394e+00,-1.013413343089145258e+01
-1.458962805608108226e+01,-1.008156791245207273e+01,-9.279220902197579335e+00
-9.629700254700807704e+00,-1.575132884947427669e+01,-7.706426584108257316e+00
-7.500579745743053195e+00,-3.020831560747012645e+00,-1.831146056746267448e+01
2.830848775508059134e-01,-3.493693593003001752e+00,1.969806896259131079e+01
-1.675527990879240292e+01,2.936911038945950736e+00,-1.052332867699163899e+01
-5.264175496078564720e-01,1.693904020263430965e+01,-1.062868135297939887e+01
1.010678605801163599e+01,-1.660140477422162064e+01,-4.791198061327072821e+00
-9.166228217641645415e-01,9.616674842042918669e+00,1.751458228740879974e+01
-8.749522323155446202e+00,1.616069113307094085e+01,7.903600238995480254e+00
1.013857774942721335e-01,-2.000945419158350091e+01,4.911734270272063441e-01
1.610821347681211790e+01,-2.674717296736190519e+00,-1.156275441032492779e+01
-7.423078765006977164e+00,1.458905692990728653e+01,-1.149641168547746872e+01
8.286642256949797058e+00,-1.785882982523916951e+01,-3.587641884959843708e+00
-9.985477466416753600e+00,-3.227503815163245804e+00,-1.702913754119825285e+01
1.626678317830211995e+00,-1.463022631351057612e+01,-1.355522131865160418e+01
7.425789394153945011e+00,1.844274233449704070e+01,2.319743887858244591e+00
-1.820383675196583795e+01,8.285726342893127594e+00,1.128250452280354921e-01
-2.443075920453580352e+00,1.952509537041230914e+01,3.656420960188270897e+00
1.263474013508051996e+01,1.520847199058714239e+01,-3.145828357183233948e+00
1.910058943557208266e+01,-2.858095674915304585e+00,5.246684097285850612e+00
-1.662324653205023139e+01,-1.428375183516877200e+00,1.103257034065981657e+01
1.772434065409928650e+01,7.827490988429715912e+00,-4.975054715400467842e+00
1.164356182650465144e+00,1.450598175955576608e+00,-1.992366076596346147e+01
-6.306162565004214571e+00,1.879261120640133242e+01,2.791639531098120131e+00
1.870580648183457839e+01,-5.872768232353195117e+00,-4.010961164600253426e+00
1.074816275121998643e+01,5.699108876057437101e-01,-1.687374373446760956e+01
-4.276873581701991611e+00,2.855693401883357296e+00,-1.933041352198335971e+01
1.694822600380662436e+01,-1.588305367175806282e+00,1.049999918151539191e+01
1.824019904051986884e+01,-5.656133560546280137e+00,-5.963793633591052412e+00
-2.786686117041924149e+00,1.981900230836718890e+01,-4.911701831155994569e-01
-9.035693608641096830e+00,1.558262551464984824e+01,-8.745851429663218823e+00
-8.477068812940402154e+00,-4.106471917558977225e+00,1.766026089789698972e+01
1.099122755773167626e+01,-1.369515814125024633e+01,-9.584994185785262744e+00
-1.010739611687995421e+01,-1.837159283608784222e+00,1.716309849737663029e+01
7.178159220991631173e+00,2.327039108348415652e+00,-1.853679994947339083e+01
-1.269548525690991880e+01,-1.074478834029248731e+01,-1.114060255133064459e+01
1.806224004714207609e+01,-5.277229311943031576e+00,-6.839831283995025046e+00
4.637724807547513706e+00,2.679069209602104706e+00,-1.928728684407258243e+01
-1.654379427530065527e+01,8.658203848266929015e+00,-7.175236348119504726e+00
-1.615952377479341351e+01,-7.732483445442895231e+00,-8.938423217372900353e+00
2.228234275671212572e+00,2.778765356226870153e+00,-1.969305911090270911e+01
-1.602862983961571786e+00,-1.941552877815499301e+01,-4.576135621017584754e+00
-9.143692206690644753e+00,-5.960041067439874496e+00,-1.677969586793184931e+01
-1.279762190363946672e+01,-2.955021806843603827e+00,1.510587261517327562e+01
1.004969939717756233e+01,4.786252605715191066e+00,1.661766259967816950e+01
-8.219453972401495889e+00,-5.716400234610716780e+00,1.733638705856558460e+01
-8.831671746191318562e-01,1.982155341503572998e+01,2.523695600188730737e+00
-4.505180963914639847e+00,6.546095501985874421e+00,1.836950968942728935e+01
-8.874628294187701272e+00,-8.607623157268548653e+00,1.573083377602264932e+01
-2.966473166689340246e+00,1.943288825062622038e+01,-3.769806527515584094e+00
-4.399133497973636509e+00,-1.945809748493697100e+01,1.600133050043453409e+00
7.541539627229731479e+00,-1.786915362357044046e+01,4.939942369635751618e+00
-1.001830379788975733e+01,3.129563470248243107e+00,-1.702765910448650288e+01
1.863134128700801284e+01,-7.014453706950632750e+00,-1.991215190428718529e+00
5.082516537297422587e+00,9.158400467068759099e-01,1.934120483506638877e+01
-5.544194025927410507e+00,-1.872992307151609737e+01,4.348966699436424221e+00
-1.602253113457516065e+01,-1.102054023972765151e+01,4.725109772476095316e+00
-1.833122314299036759e+01,-8.016949946195140342e+00,-3.804944512517565158e-01
-5.500540698966460695e+00,-5.139201275231826571e+00,1.853464463085969527e+01
-1.574202173843967500e+01,-1.150920969019455242e+01,-4.532238502743638264e+00
-7.849889768576460369e+00,1.804809939419887144e+01,3.647972713468284667e+00
-1.069065824588491864e+00,1.935781890639462688e+01,-4.946347802818621631e+00
-1.490430699580613805e+00,1.329948017257434145e+01,-1.486556993292661843e+01
5.523762620062058204e+00,1.331276846696011518e+01,1.388495039671952469e+01
-1.481677460808984392e+01,-2.247478141153820275e+00,1.326688590063686490e+01
1.072898809040654555e+01,1.598469718061799227e+01,-5.449561178736466616e+00
1.737132236714317912e+01,-4.722063650965168335e+00,-8.740978194292637227e+00
-1.787648777592562510e+01,8.284097728571509833e+00,3.515723239224570307e+00
-1.740303502315769890e+01,9.782656921662471916e+00,1.247619518584627940e+00
-2.776647018452209181e+00,3.098928522476086300e+00,-1.956842627173762139e+01
-1.799086709681947127e+01,-3.116603090163820866e+00,8.170947417930833012e+00
-1.359321522028639606e+01,4.362908780106991458e+00,-1.401945430817312399e+01
1.154869702170616108e+01,-1.080481431870737197e+01,1.226990556616901529e+01
3.944412824187537581e+00,-1.907391911500219805e+01,-4.582075063056535669e+00
1.083329896755374477e+01,1.381532546677421891e+01,9.601151293086076066e+00
-1.171289582214653535e+01,-1.617649030740223282e+01,1.214369046439443878e+00
1.171814135976029547e+01,1.490610483658224439e+01,6.405447124552331672e+00
-1.472166177666672127e+01,-1.283681452315602201e+01,4.391719001053495219e+00
-1.146619861317375921e+00,1.510135039737548368e+00,1.993319889436639869e+01
3.525014971923312146e+00,-1.422117516280854943e+01,-1.361491594429722340e+01
1.692603534239069063e+00,-9.949024462843851779e+00,-1.727547085462225596e+01
1.181751407535850262e+01,-7.860277344911011710e+00,-1.412303669842600584e+01
1.850121859629310705e+01,-7.599380711130123700e+00,4.728701634294196765e-02
-5.607520938591676440e+00,1.486072221626277923e+01,-1.215570446643273783e+01
9.602858599586141963e+00,1.715248911350571603e+01,3.773987832275125243e+00
6.010763370622527191e+00,-1.289242465086643108e+01,-1.406568312133150300e+01
-4.357426420876223006e+00,-1.367046353200308317e+00,-1.947936483700250676e+01
-1.236216161801024782e+01,6.513326521301777916e+00,1.431152573936880401e+01
4.279139251178065706e-01,-8.679683067452273804e+00,-1.801703731162388067e+01
1.704582161429143383e+01,-8.711068056184274155e+00,5.816019478198050763e+00
1.918344850759049791e+01,5.497017083452718111e+00,1.366958653144763502e+00
2.706275961162958765e+00,-8.315567976856129917e+00,1.799991787461677006e+01
5.776082574138825976e+00,-1.816918451331960682e+01,6.076705294815084812e+00
-1.579548298706490073e+01,-9.737194346325097172e+00,-7.515506644974891515e+00
1.645599090419182176e+00,1.877803345448307937e+01,-6.729811351682840836e+00
-1.259704888871617356e+01,-1.501757989868653453e+01,4.067876327291962468e+00
-1.107711408791604413e+01,-6.096513659422043929e+00,-1.551446128225097709e+01
4.882347614168239147e+00,-1.566233978105498181e+01,1.144167827866417042e+01
-7.757537304748993279e+00,1.776075968840263641e+01,4.946294252494737975e+00
-1.494517561353357848e+01,-1.006108474043969636e+00,1.325934859165069213e+01
-1.690663627858465645e+01,7.361860366751265872e+00,-7.753491255202106913e+00
9.546704626698705454e+00,-1.346634468261321160e+01,1.130992678922693528e+01
-1.256838886997944371e+01,-9.492121801859241259e-01,1.553737907628755011e+01
1.768461594102971191e+01,-3.035677965888893937e+00,-8.879263855057786259e+00
8.265303954393900199e+00,3.750063453309479655e+00,1.783506081332632931e+01
-6.707918838641163006e+00,-6.571010824630292291e-01,-1.884134361267861379e+01
1.265787790053643391e+01,1.312835310778211806e+01,-8.221202440824015412e+00
1.757690023006644964e+01,8.854198484809700176e+00,-3.567848036734382333e+00
-1.668374837608368466e+01,-2.449959513553380930e+00,1.077241042797887616e+01
-1.124020135520507324e+01,4.867113711041980650e+00,-1.581358451982359270e+01
1.068361782266777027e+00,8.452862882492546248e+00,1.809867671658671640e+01
1.385818918998574389e+01,-1.153792068267198090e+01,-8.674930879523969907e+00
-1.732859592370596147e+01,-9.984068200498171564e+00,9.392360189432125139e-01
-1.625066216154657184e+01,3.941769281605729702e+00,-1.099857884427183308e+01
5.496497357973325393e+00,-1.911760793190720165e+01,-2.106935514015752631e+00
8.329789019173063025e+00,1.817234131573189870e+01,-8.899284107221419049e-01
-1.530140210754191799e+01,1.276763051429179541e+01,1.748830716116202666e+00
-3.104506118100815115e+00,-4.328513740177825753e+00,-1.928306058257645361e+01
9.806744545401819835e+00,1.045492494946526563e+01,1.395785533013250301e+01
-3.757957262734180404e+00,1.956507884945215636e+01,-1.832606224199167855e+00
